 -61   4 1 0
 125   3 0 0
 -99   4 1 0
 137   1 0 0
 36  12 1 0
 -61   4 1 0
 125   3 0 0
 -99   4 1 0
 137   1 0 0
 36  12 1 0
 0   0 1 0
 0   0 1 0
 -12   2 1 0
 34   2 0 0
 138  10 0 0
 120  14 1 0
 0   0 1 0
 91   2 1 0
 191   1 0 0
 255   4 0 0
 214  12 0 0
 17  13 1 0
 151   2 0 0
 232   3 0 0
 -120   5 1 0
 11  12 1 0
 76  10 1 0
 0   0 1 0
 0   0 1 0
 15   3 0 0
 -87   7 1 0
 79   7 0 0
 -118   9 1 0
 1   2 0 0
 -10   6 1 0
 -40   0 1 0
 -126   5 1 0
 185   1 0 0
 69   6 0 0
 27   9 0 0
 -1  10 1 0
 105   7 1 0
 34  13 1 0
 2   6 1 0
 0   0 1 0
 0   0 1 0
 -12   2 1 0
 47   2 0 0
 -45  13 1 0
 69  12 1 0
 0   0 1 0
 115  10 0 0
 -79  12 1 0
 89   0 1 0
 15   1 1 0
 76  10 1 0
 0   0 1 0
 0   0 1 0
 200   8 0 0
 30  10 1 0
 96  12 1 0
 49   0 0 0
 177   6 0 0
 221   8 0 0
 1   9 0 0
 151  10 0 0
 -58  14 1 0
 99   3 0 0
 48  15 1 0
 132   6 0 0
 -10  15 1 0
 11   3 1 0
 105   7 1 0
 34  13 1 0
 2   6 1 0
 219   0 0 0
 69   3 0 0
 -120  14 1 0
 117   6 0 0
 43  12 1 0
 0   0 1 0
 15   5 0 0
 -62   9 1 0
 0   0 1 0
 -61   0 1 0
 115  10 0 0
 -79  12 1 0
 89   0 1 0
 15   1 1 0
 36   0 0 0
 160   5 0 0
 12   9 0 0
 -76  11 1 0
 -61   2 1 0
 157   2 0 0
 -34   4 1 0
 126   3 1 0
 234   0 0 0
 207   5 0 0
 -2   9 1 0
 164   3 0 0
 -7  11 1 0
 99   3 0 0
 48  15 1 0
 132   6 0 0
 -10  15 1 0
 11   3 1 0
 13   1 0 0
 -102   2 1 0
 163   3 0 0
 194  12 0 0
 31  14 1 0
 253   0 0 0
 72   8 1 0
 61   9 1 0
 -12  13 1 0
 95   9 0 0
 26  11 0 0
 -27  15 1 0
 15   5 0 0
 -62   9 1 0
 0   0 1 0
 -61   0 1 0
 34   3 0 0
 109   6 1 0
 2   0 0 0
 163   9 0 0
 44  15 1 0
 148   4 0 0
 107   5 1 0
 12   8 0 0
 -40   9 1 0
 0   0 1 0
 -115  14 1 0
 126   3 1 0
 234   0 0 0
 207   5 0 0
 -2   9 1 0
 164   3 0 0
 -7  11 1 0
 102   4 1 0
 55   0 0 0
 -50   5 1 0
 0   0 1 0
 222   1 0 0
 118   5 0 0
 95   6 1 0
 2   3 1 0
 137   4 0 0
 221   8 0 0
 -20  11 1 0
 61   9 1 0
 -12  13 1 0
 95   9 0 0
 26  11 0 0
 -27  15 1 0
 44   2 0 0
 243   7 0 0
 89   8 0 0
 -5  15 1 0
 0   0 1 0
 98   4 0 0
 9   7 0 0
 104   9 1 0
 210   8 0 0
 49  14 1 0
 67   2 1 0
 157   4 0 0
 -113  14 1 0
 12   8 0 0
 -40   9 1 0
 0   0 1 0
 -115  14 1 0
 84   3 1 0
 92  15 1 0
 111   5 0 0
 121   9 1 0
 111   8 0 0
 -24  10 1 0
 0   0 1 0
 146   5 0 0
 162   7 0 0
 107  10 1 0
 222   1 0 0
 118   5 0 0
 95   6 1 0
 2   3 1 0
 137   4 0 0
 221   8 0 0
 -20  11 1 0
 -10   3 1 0
 -14   3 1 0
 0   0 1 0
 20  10 1 0
 -93   0 1 0
 -118   8 1 0
 210   8 0 0
 49  14 1 0
 67   2 1 0
 157   4 0 0
 -113  14 1 0
 34   0 0 0
 -100  12 1 0
 172   0 0 0
 17   8 1 0
 0   0 1 0
 138  12 0 0
 -22  13 1 0
 115   5 1 0
 0   0 1 0
 111   8 0 0
 -24  10 1 0
 0   0 1 0
 146   5 0 0
 162   7 0 0
 107  10 1 0
 102   0 0 0
 130   4 0 0
 184  11 0 0
 59  12 1 0
 71   0 0 0
 -32  13 1 0
 0   0 1 0
 0   0 1 0
 97   0 0 0
 153   1 0 0
 75   3 0 0
 166   5 0 0
 19   7 0 0
 126  13 1 0
 0   0 1 0
 20  10 1 0
 -93   0 1 0
 -118   8 1 0
 10   4 0 0
 9   8 1 0
 213   0 0 0
 37   5 0 0
 -77  11 1 0
 9   7 0 0
 51   9 1 0
 -10  12 1 0
 177   0 0 0
 168   1 0 0
 -1  15 1 0
 254   7 0 0
 -38  13 1 0
 138  12 0 0
 -22  13 1 0
 115   5 1 0
 0   0 1 0
 108  12 0 0
 47  13 0 0
 -94  15 1 0
 100   5 1 0
 49   5 1 0
 5  12 0 0
 -97  15 1 0
 110   8 0 0
 -99  12 1 0
 13   6 0 0
 68  12 1 0
 0   0 1 0
 97   0 0 0
 153   1 0 0
 75   3 0 0
 166   5 0 0
 19   7 0 0
 126  13 1 0
 0   0 1 0
 0   0 1 0
 36   8 1 0
 221   0 0 0
 5   5 0 0
 -35   6 1 0
 95  12 1 0
 0   0 1 0
 241   0 0 0
 56   7 0 0
 73   9 1 0
 -10  12 1 0
 177   0 0 0
 168   1 0 0
 -1  15 1 0
 254   7 0 0
 -38  13 1 0
 239   8 0 0
 98   9 1 0
 -68   4 1 0
 -45   6 1 0
 125   1 0 0
 239   8 0 0
 -60  15 1 0
 0   0 1 0
 20   6 1 0
 5  12 0 0
 -97  15 1 0
 110   8 0 0
 -99  12 1 0
 13   6 0 0
 68  12 1 0
 63  12 1 0
 202   1 0 0
 32   3 1 0
 132  11 0 0
 114  14 1 0
 84   3 0 0
 113   8 1 0
 178   5 0 0
 241   6 0 0
 248   9 0 0
 18  12 1 0
 107   2 0 0
 -61   8 1 0
 95  12 1 0
 0   0 1 0
 241   0 0 0
 56   7 0 0
 73   9 1 0
 121   3 0 0
 139   9 0 0
 -84  12 1 0
 11   0 0 0
 58  10 1 0
 204   2 0 0
 69   9 0 0
 82  15 1 0
 0   0 1 0
 -117   1 1 0
 155   5 0 0
 109   6 0 0
 -93  13 1 0
 125   1 0 0
 239   8 0 0
 -60  15 1 0
 0   0 1 0
 20   6 1 0
 9   0 0 0
 59   9 0 0
 80  13 0 0
 110  15 1 0
 -24   6 1 0
 -123   5 1 0
 0   0 1 0
 49   7 0 0
 45  11 1 0
 239   4 0 0
 126   6 0 0
 135  13 0 0
 -85  15 1 0
 84   3 0 0
 113   8 1 0
 178   5 0 0
 241   6 0 0
 248   9 0 0
 18  12 1 0
 107   2 0 0
 -61   8 1 0
 156   5 0 0
 -30   9 1 0
 192   1 0 0
 -76   5 1 0
 74  12 1 0
 42   7 0 0
 -55   8 1 0
 0   0 1 0
 0   0 1 0
 0   0 1 0
 -117   1 1 0
 155   5 0 0
 109   6 0 0
 -93  13 1 0
 110   1 0 0
 3   6 1 0
 115   2 0 0
 141   5 0 0
 -39  12 1 0
 0   0 1 0
 -68   2 1 0
 13   4 1 0
 -24  13 1 0
 0   0 1 0
 49   7 0 0
 45  11 1 0
 239   4 0 0
 126   6 0 0
 135  13 0 0
 -85  15 1 0
 -123   2 1 0
 -103   8 1 0
 0   0 1 0
 107   2 0 0
 -120   3 1 0
 3  13 1 0
 122  10 1 0
 42   7 0 0
 -55   8 1 0
 0   0 1 0
 0   0 1 0
 0   0 1 0
 -81  11 1 0
 116  10 0 0
 220  11 0 0
 103  13 1 0
 118   3 0 0
 85   5 0 0
 21  10 0 0
 56  12 1 0
 -42  10 1 0
 -99   8 1 0
 -68   2 1 0
 13   4 1 0
 -24  13 1 0
 0   0 1 0
 101   2 0 0
 -16   8 1 0
 -69   2 1 0
 43   2 0 0
 233   4 0 0
 204   9 0 0
 13  10 0 0
 123  11 1 0
 253   0 0 0
 244   1 0 0
 15  15 1 0
 0   0 1 0
 107   2 0 0
 -120   3 1 0
 3  13 1 0
 122  10 1 0
 -116   5 1 0
 -110  13 1 0
 0   0 1 0
 84   6 0 0
 109  15 1 0
 40   1 0 0
 -29  14 1 0
 104   4 0 0
 39   8 0 0
 54  15 1 0
 118   3 0 0
 85   5 0 0
 21  10 0 0
 56  12 1 0
 -42  10 1 0
 -99   8 1 0
 -110   4 1 0
 16   2 0 0
 140   5 0 0
 122  10 0 0
 -48  13 1 0
 0   0 1 0
 122   0 0 0
 225   8 0 0
 60   9 1 0
 100   8 0 0
 64  10 1 0
 0   0 1 0
 43   2 0 0
 233   4 0 0
 204   9 0 0
 13  10 0 0
 123  11 1 0
 253   0 0 0
 244   1 0 0
 15  15 1 0
 0   0 1 0
 104   4 0 0
 20   7 1 0
 184   2 0 0
 179   3 0 0
 223  10 0 0
 34  11 1 0
 163   0 0 0
 51  14 1 0
 244   2 0 0
 30   9 0 0
 29  13 0 0
 51  15 1 0
 153   6 0 0
 -39  14 1 0
 109   1 0 0
 59   7 1 0
 84   6 0 0
 109  15 1 0
 40   1 0 0
 -29  14 1 0
 104   4 0 0
 39   8 0 0
 54  15 1 0
 209   0 0 0
 220   4 0 0
 -74   7 1 0
 242   2 0 0
 126   5 0 0
 43   6 0 0
 -49  10 1 0
 0   0 1 0
 46   6 1 0
 87   7 0 0
 71   9 1 0
 80   4 1 0
 122   0 0 0
 225   8 0 0
 60   9 1 0
 100   8 0 0
 64  10 1 0
 0   0 1 0
 -83  14 1 0
 36  15 1 0
 74  15 1 0
 23   8 0 0
 -37  15 1 0
 63   4 0 0
 -35   9 1 0
 65   2 0 0
 85   6 1 0
 244   2 0 0
 30   9 0 0
 29  13 0 0
 51  15 1 0
 153   6 0 0
 -39  14 1 0
 109   1 0 0
 59   7 1 0
 119   0 0 0
 178   2 0 0
 60  14 1 0
 54   0 0 0
 -58   2 1 0
 78   9 1 0
 255  10 0 0
 -88  12 1 0
 -59  12 1 0
 187  10 0 0
 87  15 1 0
 46   6 1 0
 87   7 0 0
 71   9 1 0
 80   4 1 0
 -103   2 1 0
 -97  11 1 0
 80  13 1 0
 247   7 0 0
 98   9 1 0
 0   0 1 0
 -49  14 1 0
 23   8 0 0
 -37  15 1 0
 63   4 0 0
 -35   9 1 0
 65   2 0 0
 85   6 1 0
 86   5 1 0
 112   0 0 0
 100   9 1 0
 227   1 0 0
 159   4 0 0
 31  10 0 0
 211  12 0 0
 -126  13 1 0
 86   5 1 0
 112   0 0 0
 100   9 1 0
 227   1 0 0
 159   4 0 0
 31  10 0 0
 211  12 0 0
 -126  13 1 0
 255  10 0 0
 -88  12 1 0
 -59  12 1 0
 187  10 0 0
 87  15 1 0
 76   3 0 0
 64   6 0 0
 90  10 1 0
 1   1 0 0
 229   7 0 0
 17  10 1 0
 161   0 0 0
 137   5 0 0
 160   7 0 0
 -35  11 1 0
 76   3 0 0
 64   6 0 0
 90  10 1 0
 1   1 0 0
 229   7 0 0
 17  10 1 0
 161   0 0 0
 137   5 0 0
 160   7 0 0
 -35  11 1 0
