 125   3 0 0
 -99   4 1 0
 137   1 0 0
 36  12 1 0
 161   0 0 0
 138   3 0 0
 200   8 0 0
 23   9 1 0
 125   3 0 0
 -99   4 1 0
 137   1 0 0
 36  12 1 0
 161   0 0 0
 138   3 0 0
 200   8 0 0
 23   9 1 0
 0   0 1 0
 -12   2 1 0
 62   2 0 0
 69   6 1 0
 0   0 1 0
 91   2 1 0
 -93   0 1 0
 151   2 0 0
 232   3 0 0
 -120   5 1 0
 11  12 1 0
 105   1 0 0
 74   7 1 0
 0   0 1 0
 0   0 1 0
 139   2 0 0
 156   3 0 0
 112  11 1 0
 79   7 0 0
 -118   9 1 0
 1   2 0 0
 -10   6 1 0
 131  13 0 0
 -63  15 1 0
 -126   5 1 0
 185   1 0 0
 69   6 0 0
 27   9 0 0
 -1  10 1 0
 -122  12 1 0
 34  13 1 0
 2   6 1 0
 0   0 1 0
 0   0 1 0
 -12   2 1 0
 62   2 0 0
 69   6 1 0
 69  12 1 0
 0   0 1 0
 127   2 0 0
 96   3 0 0
 36   7 0 0
 60  11 1 0
 89   0 1 0
 15   1 1 0
 98   8 1 0
 0   0 1 0
 0   0 1 0
 139   2 0 0
 156   3 0 0
 112  11 1 0
 96  12 1 0
 49   0 0 0
 177   6 0 0
 221   8 0 0
 1   9 0 0
 151  10 0 0
 -58  14 1 0
 79   1 0 0
 106   4 0 0
 29  14 1 0
 132   6 0 0
 -10  15 1 0
 11   3 1 0
 0   0 1 0
 34  13 1 0
 2   6 1 0
 0   0 1 0
 117   6 0 0
 43  12 1 0
 0   0 1 0
 25   1 0 0
 205   2 0 0
 -17   5 1 0
 0   0 1 0
 -61   0 1 0
 78   9 0 0
 81  15 1 0
 89   0 1 0
 15   1 1 0
 98   8 1 0
 -61   2 1 0
 157   2 0 0
 -34   4 1 0
 208   2 0 0
 69   7 0 0
 -27  15 1 0
 234   0 0 0
 207   5 0 0
 -2   9 1 0
 164   3 0 0
 -7  11 1 0
 243   3 0 0
 42   6 0 0
 -84   9 1 0
 132   6 0 0
 -10  15 1 0
 11   3 1 0
 0   0 1 0
 163   3 0 0
 194  12 0 0
 31  14 1 0
 253   0 0 0
 72   8 1 0
 66   9 1 0
 -12  13 1 0
 95   9 0 0
 26  11 0 0
 -27  15 1 0
 -109  13 1 0
 0   0 1 0
 -61   0 1 0
 78   9 0 0
 81  15 1 0
 2   0 0 0
 163   9 0 0
 44  15 1 0
 148   4 0 0
 107   5 1 0
 -88   1 1 0
 0   0 1 0
 -115  14 1 0
 0   0 1 0
 234   0 0 0
 207   5 0 0
 -2   9 1 0
 164   3 0 0
 -7  11 1 0
 243   3 0 0
 42   6 0 0
 -84   9 1 0
 55   0 0 0
 -50   5 1 0
 0   0 1 0
 47   2 0 0
 32   5 0 0
 65   8 0 0
 -24  12 1 0
 2   3 1 0
 137   4 0 0
 221   8 0 0
 -20  11 1 0
 0   0 1 0
 -12  13 1 0
 95   9 0 0
 26  11 0 0
 -27  15 1 0
 -109  13 1 0
 0   0 1 0
 98   4 0 0
 9   7 0 0
 104   9 1 0
 0   0 1 0
 67   2 1 0
 157   4 0 0
 -113  14 1 0
 -50   5 1 0
 0   0 1 0
 -115  14 1 0
 0   0 1 0
 92  15 1 0
 111   5 0 0
 121   9 1 0
 0   0 1 0
 0   0 1 0
 146   5 0 0
 162   7 0 0
 107  10 1 0
 66   3 0 0
 10   4 0 0
 -70  13 1 0
 2   3 1 0
 137   4 0 0
 221   8 0 0
 -20  11 1 0
 0   0 1 0
 -14   3 1 0
 0   0 1 0
 67   1 0 0
 250   2 0 0
 27   3 0 0
 38   6 0 0
 -54  13 1 0
 -93   0 1 0
 -118   8 1 0
 0   0 1 0
 67   2 1 0
 157   4 0 0
 -113  14 1 0
 -50   5 1 0
 172   0 0 0
 17   8 1 0
 0   0 1 0
 0   0 1 0
 115   5 1 0
 0   0 1 0
 72   9 1 0
 0   0 1 0
 146   5 0 0
 162   7 0 0
 107  10 1 0
 66   3 0 0
 10   4 0 0
 -70  13 1 0
 71   0 0 0
 -32  13 1 0
 0   0 1 0
 12   1 1 0
 97   0 0 0
 153   1 0 0
 75   3 0 0
 166   5 0 0
 19   7 0 0
 126  13 1 0
 0   0 1 0
 -106  15 1 0
 -93   0 1 0
 -118   8 1 0
 0   0 1 0
 213   0 0 0
 37   5 0 0
 -77  11 1 0
 9   7 0 0
 51   9 1 0
 54   1 1 0
 177   0 0 0
 168   1 0 0
 -1  15 1 0
 254   7 0 0
 -38  13 1 0
 136   7 0 0
 -41  12 1 0
 115   5 1 0
 0   0 1 0
 72   9 1 0
 100   5 1 0
 49   5 1 0
 124  15 1 0
 110   8 0 0
 -99  12 1 0
 13   6 0 0
 68  12 1 0
 -105  12 1 0
 97   0 0 0
 153   1 0 0
 75   3 0 0
 166   5 0 0
 19   7 0 0
 126  13 1 0
 0   0 1 0
 -106  15 1 0
 36   8 1 0
 221   0 0 0
 5   5 0 0
 -35   6 1 0
 -126   8 1 0
 0   0 1 0
 241   0 0 0
 56   7 0 0
 73   9 1 0
 0   0 1 0
 177   0 0 0
 168   1 0 0
 -1  15 1 0
 254   7 0 0
 -38  13 1 0
 136   7 0 0
 -41  12 1 0
 -68   4 1 0
 -45   6 1 0
 0   0 1 0
 0   0 1 0
 20   6 1 0
 56   3 0 0
 -14  10 1 0
 110   8 0 0
 -99  12 1 0
 13   6 0 0
 68  12 1 0
 -105  12 1 0
 202   1 0 0
 32   3 1 0
 132  11 0 0
 114  14 1 0
 15   8 1 0
 178   5 0 0
 241   6 0 0
 248   9 0 0
 18  12 1 0
 107   2 0 0
 -61   8 1 0
 0   0 1 0
 0   0 1 0
 241   0 0 0
 56   7 0 0
 73   9 1 0
 0   0 1 0
 11   0 0 0
 58  10 1 0
 204   2 0 0
 69   9 0 0
 82  15 1 0
 0   0 1 0
 -117   1 1 0
 155   5 0 0
 109   6 0 0
 -93  13 1 0
 -50   8 1 0
 0   0 1 0
 20   6 1 0
 56   3 0 0
 -14  10 1 0
 -24   6 1 0
 -123   5 1 0
 244  13 0 0
 -99  14 1 0
 49   7 0 0
 45  11 1 0
 239   4 0 0
 126   6 0 0
 135  13 0 0
 -85  15 1 0
 161  11 0 0
 -39  14 1 0
 178   5 0 0
 241   6 0 0
 248   9 0 0
 18  12 1 0
 107   2 0 0
 -61   8 1 0
 0   0 1 0
 192   1 0 0
 -76   5 1 0
 74  12 1 0
 51   2 0 0
 62  12 1 0
 0   0 1 0
 0   0 1 0
 17   1 1 0
 -117   1 1 0
 155   5 0 0
 109   6 0 0
 -93  13 1 0
 -50   8 1 0
 115   2 0 0
 141   5 0 0
 -39  12 1 0
 0   0 1 0
 -50  12 1 0
 13   4 1 0
 -24  13 1 0
 33   3 0 0
 186   9 0 0
 38  12 1 0
 49   7 0 0
 45  11 1 0
 239   4 0 0
 126   6 0 0
 135  13 0 0
 -85  15 1 0
 161  11 0 0
 -39  14 1 0
 -103   8 1 0
 0   0 1 0
 -3   6 1 0
 3  13 1 0
 122  10 1 0
 -4   5 1 0
 0   0 1 0
 0   0 1 0
 17   1 1 0
 -81  11 1 0
 116  10 0 0
 220  11 0 0
 103  13 1 0
 241   0 0 0
 232   6 0 0
 141  13 0 0
 112  14 0 0
 -3  15 1 0
 -42  10 1 0
 -99   8 1 0
 108   5 1 0
 13   4 1 0
 -24  13 1 0
 33   3 0 0
 186   9 0 0
 38  12 1 0
 101   2 0 0
 -16   8 1 0
 -69   2 1 0
 -37   8 1 0
 253   0 0 0
 244   1 0 0
 15  15 1 0
 0   0 1 0
 205   8 0 0
 163   9 0 0
 163  11 0 0
 -33  12 1 0
 3  13 1 0
 122  10 1 0
 -4   5 1 0
 -110  13 1 0
 0   0 1 0
 -20   3 1 0
 40   1 0 0
 -29  14 1 0
 104   4 0 0
 39   8 0 0
 54  15 1 0
 0   0 1 0
 -42  10 1 0
 -99   8 1 0
 108   5 1 0
 16   2 0 0
 140   5 0 0
 122  10 0 0
 -48  13 1 0
 0   0 1 0
 0   0 1 0
 100   8 0 0
 64  10 1 0
 0   0 1 0
 151   2 0 0
 -98  13 1 0
 253   0 0 0
 244   1 0 0
 15  15 1 0
 0   0 1 0
 205   8 0 0
 163   9 0 0
 163  11 0 0
 -33  12 1 0
 184   2 0 0
 179   3 0 0
 223  10 0 0
 34  11 1 0
 163   0 0 0
 51  14 1 0
 220   2 0 0
 146   3 0 0
 9  11 0 0
 61  13 1 0
 153   6 0 0
 -39  14 1 0
 109   1 0 0
 59   7 1 0
 199   1 0 0
 167   5 0 0
 -126   8 1 0
 40   1 0 0
 -29  14 1 0
 104   4 0 0
 39   8 0 0
 54  15 1 0
 0   0 1 0
 242   2 0 0
 126   5 0 0
 43   6 0 0
 -49  10 1 0
 0   0 1 0
 201  11 0 0
 -125  15 1 0
 87   7 0 0
 71   9 1 0
 80   4 1 0
 146   3 0 0
 -61   7 1 0
 100   8 0 0
 64  10 1 0
 0   0 1 0
 151   2 0 0
 -98  13 1 0
 36  15 1 0
 74  15 1 0
 25   5 0 0
 -52  10 1 0
 63   4 0 0
 -35   9 1 0
 65   2 0 0
 85   6 1 0
 189   0 0 0
 -54  13 1 0
 153   6 0 0
 -39  14 1 0
 109   1 0 0
 59   7 1 0
 199   1 0 0
 167   5 0 0
 -126   8 1 0
 54   0 0 0
 -58   2 1 0
 78   9 1 0
 104   8 0 0
 -46  13 1 0
 -59  12 1 0
 187  10 0 0
 87  15 1 0
 194  11 0 0
 -49  12 1 0
 87   7 0 0
 71   9 1 0
 80   4 1 0
 146   3 0 0
 -61   7 1 0
 -97  11 1 0
 80  13 1 0
 205   4 0 0
 64  10 0 0
 5  12 1 0
 0   0 1 0
 -49  14 1 0
 0   0 1 0
 63   4 0 0
 -35   9 1 0
 65   2 0 0
 85   6 1 0
 189   0 0 0
 -54  13 1 0
 112   0 0 0
 100   9 1 0
 227   1 0 0
 159   4 0 0
 31  10 0 0
 211  12 0 0
 -126  13 1 0
 108   7 1 0
 112   0 0 0
 100   9 1 0
 227   1 0 0
 159   4 0 0
 31  10 0 0
 211  12 0 0
 -126  13 1 0
 108   7 1 0
 -59  12 1 0
 187  10 0 0
 87  15 1 0
 194  11 0 0
 -49  12 1 0
 1   1 0 0
 229   7 0 0
 17  10 1 0
 161   0 0 0
 137   5 0 0
 160   7 0 0
 -35  11 1 0
 3  14 1 0
 1   1 0 0
 229   7 0 0
 17  10 1 0
 161   0 0 0
 137   5 0 0
 160   7 0 0
 -35  11 1 0
 3  14 1 0
