 155  13 0 0
 54  15 1 0
 97   0 0 0
 52   2 1 0
 0   0 1 0
 155  13 0 0
 54  15 1 0
 97   0 0 0
 52   2 1 0
 0   0 1 0
 59  12 1 0
 96   3 0 0
 6   5 0 0
 13   8 1 0
 -64   7 1 0
 139   9 0 0
 -66  12 1 0
 63   9 0 0
 104  10 0 0
 11  12 1 0
 194   8 0 0
 -79  15 1 0
 186   0 0 0
 165   8 0 0
 -57  11 1 0
 0   0 1 0
 82  14 1 0
 18  11 0 0
 33  14 1 0
 -100   0 1 0
 0   0 1 0
 -80   8 1 0
 -94  10 1 0
 -77  15 1 0
 -23  13 1 0
 -63   3 1 0
 0   0 1 0
 131   9 0 0
 38  12 1 0
 -90  11 1 0
 249   0 0 0
 160  11 0 0
 107  13 1 0
 59  12 1 0
 96   3 0 0
 6   5 0 0
 13   8 1 0
 -64   7 1 0
 230  10 0 0
 -112  15 1 0
 0   0 1 0
 98   8 0 0
 114  12 1 0
 251   0 0 0
 -127  12 1 0
 156   4 0 0
 -92   8 1 0
 2   0 0 0
 168   2 0 0
 -55   7 1 0
 18  11 0 0
 33  14 1 0
 -100   0 1 0
 0   0 1 0
 103   2 0 0
 115   5 0 0
 248  11 0 0
 -26  13 1 0
 76  10 1 0
 -109   6 1 0
 -61   2 1 0
 188   0 0 0
 65   4 0 0
 143  10 0 0
 3  14 1 0
 117   7 0 0
 72  15 1 0
 131   9 0 0
 38  12 1 0
 -90  11 1 0
 249   0 0 0
 160  11 0 0
 107  13 1 0
 176   7 0 0
 -8  14 1 0
 -28  10 1 0
 233   3 0 0
 151   5 0 0
 -118   6 1 0
 223   1 0 0
 228   2 0 0
 76  10 0 0
 122  13 1 0
 31   1 1 0
 0   0 1 0
 251   0 0 0
 -127  12 1 0
 156   4 0 0
 -92   8 1 0
 2   0 0 0
 168   2 0 0
 -55   7 1 0
 76   2 1 0
 0   0 1 0
 -8   7 1 0
 0   0 1 0
 4   4 1 0
 0   0 1 0
 -61   2 1 0
 188   0 0 0
 65   4 0 0
 143  10 0 0
 3  14 1 0
 117   7 0 0
 72  15 1 0
 79   6 1 0
 61   3 0 0
 71  15 1 0
 108   8 0 0
 208  11 0 0
 -98  14 1 0
 0   0 1 0
 0   0 1 0
 0   0 1 0
 223   1 0 0
 228   2 0 0
 76  10 0 0
 122  13 1 0
 31   1 1 0
 0   0 1 0
 122   5 1 0
 90   0 0 0
 -12   1 1 0
 98  11 1 0
 0   0 1 0
 0   0 1 0
 -101   0 1 0
 0   0 1 0
 4   4 1 0
 0   0 1 0
 200   3 0 0
 48  13 1 0
 132   1 0 0
 51   7 0 0
 -37  11 1 0
 45   3 0 0
 -2  13 1 0
 0   0 1 0
 120   0 0 0
 -98   7 1 0
 114   1 0 0
 -52  12 1 0
 0   0 1 0
 0   0 1 0
 0   0 1 0
 -89   6 1 0
 22   6 0 0
 -118  10 1 0
 0   0 1 0
 173   0 0 0
 -114   8 1 0
 158  10 0 0
 245  12 0 0
 -118  15 1 0
 253   0 0 0
 33   4 0 0
 125   7 1 0
 0   0 1 0
 0   0 1 0
 -101   0 1 0
 100  14 1 0
 26   1 0 0
 90   8 0 0
 -116  10 1 0
 112   8 1 0
 -31  14 1 0
 -109  15 1 0
 102  13 1 0
 0   0 1 0
 120   0 0 0
 -98   7 1 0
 114   1 0 0
 -52  12 1 0
 -120   0 1 0
 -92  10 1 0
 78   4 0 0
 89   6 0 0
 -4  14 1 0
 12   3 0 0
 180  10 0 0
 -35  13 1 0
 173   7 0 0
 -33  12 1 0
 30   4 1 0
 173   0 0 0
 -114   8 1 0
 158  10 0 0
 245  12 0 0
 -118  15 1 0
 253   0 0 0
 33   4 0 0
 125   7 1 0
 6  11 1 0
 199   8 0 0
 -44  14 1 0
 14   8 0 0
 -115  15 1 0
 178  11 0 0
 -45  13 1 0
 0   0 1 0
 138   2 0 0
 17  12 1 0
 -31  14 1 0
 -109  15 1 0
 102  13 1 0
 3   8 0 0
 -21  11 1 0
 0   0 1 0
 0   0 1 0
 0   0 1 0
 28   2 0 0
 107   9 1 0
 10  13 1 0
 12   3 0 0
 180  10 0 0
 -35  13 1 0
 173   7 0 0
 -33  12 1 0
 30   4 1 0
 188   1 0 0
 249   7 0 0
 23  10 0 0
 -83  11 1 0
 14  12 1 0
 31  13 0 0
 70  14 1 0
 76   2 0 0
 47   5 0 0
 140   6 0 0
 90   7 1 0
 -79  10 1 0
 230   8 0 0
 25  10 0 0
 -65  12 1 0
 178  11 0 0
 -45  13 1 0
 0   0 1 0
 138   2 0 0
 17  12 1 0
 100   0 0 0
 222   7 0 0
 -21   9 1 0
 -54  14 1 0
 0   0 1 0
 198   0 0 0
 188   3 0 0
 32   7 1 0
 105   9 0 0
 123  14 1 0
 122   9 1 0
 0   0 1 0
 28   2 0 0
 107   9 1 0
 10  13 1 0
 -78   9 1 0
 31   2 1 0
 0   0 1 0
 8   1 1 0
 0   0 1 0
 42   4 0 0
 -85   8 1 0
 76   2 0 0
 47   5 0 0
 140   6 0 0
 90   7 1 0
 -79  10 1 0
 230   8 0 0
 25  10 0 0
 -65  12 1 0
 91   0 0 0
 84  11 1 0
 107  14 1 0
 21   2 0 0
 -68   3 1 0
 -100   9 1 0
 230   8 0 0
 182  12 0 0
 171  13 0 0
 -16  14 1 0
 229   4 0 0
 118   9 1 0
 198   0 0 0
 188   3 0 0
 32   7 1 0
 105   9 0 0
 123  14 1 0
 122   9 1 0
 -11   0 1 0
 114   6 0 0
 91   8 0 0
 -86  14 1 0
 61   2 0 0
 189   4 0 0
 19  10 0 0
 105  13 0 0
 122  14 1 0
 0   0 1 0
 0   0 1 0
 1  13 1 0
 8   1 1 0
 0   0 1 0
 42   4 0 0
 -85   8 1 0
 159   1 0 0
 54   2 0 0
 -5   7 1 0
 -27   3 1 0
 84   8 0 0
 -43  15 1 0
 231  13 0 0
 -112  15 1 0
 184   5 0 0
 100  15 1 0
 139   1 0 0
 186   8 0 0
 107   9 1 0
 -100   9 1 0
 230   8 0 0
 182  12 0 0
 171  13 0 0
 -16  14 1 0
 229   4 0 0
 118   9 1 0
 0   0 1 0
 230   3 0 0
 213  11 0 0
 83  13 0 0
 123  14 1 0
 107   3 0 0
 117  15 1 0
 0   0 1 0
 118  10 0 0
 165  14 0 0
 122  15 1 0
 125   0 1 0
 0   0 1 0
 0   0 1 0
 1  13 1 0
 131   0 0 0
 -30  15 1 0
 12   1 0 0
 -76  12 1 0
 147   8 0 0
 -20  10 1 0
 8  12 1 0
 -31   3 1 0
 223   0 0 0
 112   3 0 0
 46  11 0 0
 -122  15 1 0
 231  13 0 0
 -112  15 1 0
 184   5 0 0
 100  15 1 0
 139   1 0 0
 186   8 0 0
 107   9 1 0
 89   2 0 0
 156  11 0 0
 70  12 1 0
 90   1 0 0
 85  15 1 0
 133  12 0 0
 58  14 1 0
 134  10 0 0
 78  11 1 0
 -109  10 1 0
 196   4 0 0
 85   5 0 0
 33  15 1 0
 0   0 1 0
 118  10 0 0
 165  14 0 0
 122  15 1 0
 125   0 1 0
 0   0 1 0
 186   1 0 0
 17   3 0 0
 55   5 0 0
 241   7 0 0
 118  13 0 0
 -16  15 1 0
 72  14 1 0
 120  10 1 0
 0   0 1 0
 12  10 1 0
 8  12 1 0
 -31   3 1 0
 223   0 0 0
 112   3 0 0
 46  11 0 0
 -122  15 1 0
 134   5 0 0
 76   9 0 0
 18  12 1 0
 0   0 1 0
 -24   7 1 0
 10  12 1 0
 210   9 0 0
 89  11 1 0
 167   8 0 0
 45   9 0 0
 -90  12 1 0
 134  10 0 0
 78  11 1 0
 -109  10 1 0
 196   4 0 0
 85   5 0 0
 33  15 1 0
 -64   0 1 0
 70   1 0 0
 -7  12 1 0
 -88  10 1 0
 -4  11 1 0
 242   7 0 0
 -113  14 1 0
 0   0 1 0
 120  10 1 0
 0   0 1 0
 12  10 1 0
 -125  12 1 0
 0   0 1 0
 137   0 0 0
 193   6 0 0
 -13  15 1 0
 68   4 0 0
 101   6 0 0
 190   9 0 0
 182  10 0 0
 -75  11 1 0
 218   0 0 0
 6   6 0 0
 113   8 1 0
 255   0 0 0
 -27   4 1 0
 10  12 1 0
 210   9 0 0
 89  11 1 0
 167   8 0 0
 45   9 0 0
 -90  12 1 0
 149   1 0 0
 -61   2 1 0
 0   0 1 0
 3   2 0 0
 -104  13 1 0
 136   5 0 0
 160  10 0 0
 41  11 0 0
 -127  14 1 0
 0   0 1 0
 0   0 1 0
 -4  11 1 0
 242   7 0 0
 -113  14 1 0
 0   0 1 0
 -69   8 1 0
 0   0 1 0
 -106   7 1 0
 0   0 1 0
 138   9 0 0
 14  15 1 0
 13  14 1 0
 68   4 0 0
 101   6 0 0
 190   9 0 0
 182  10 0 0
 -75  11 1 0
 218   0 0 0
 6   6 0 0
 113   8 1 0
 255   0 0 0
 -27   4 1 0
 0   0 1 0
 250   5 0 0
 102  12 1 0
 0   0 1 0
 31  14 1 0
 -48  13 1 0
 206   0 0 0
 29   2 0 0
 31  10 0 0
 235  12 0 0
 43  15 1 0
 136   5 0 0
 160  10 0 0
 41  11 0 0
 -127  14 1 0
 0   0 1 0
 0   0 1 0
 158   7 0 0
 4  14 1 0
 -91  13 1 0
 -10  14 1 0
 0   0 1 0
 43   2 0 0
 -46  14 1 0
 140   5 0 0
 -15   7 1 0
 0   0 1 0
 138   9 0 0
 14  15 1 0
 13  14 1 0
 0   0 1 0
 -118  15 1 0
 144   3 0 0
 83   5 1 0
 62  10 1 0
 118   2 0 0
 95  14 1 0
 0   0 1 0
 31  14 1 0
 -48  13 1 0
 206   0 0 0
 29   2 0 0
 31  10 0 0
 235  12 0 0
 43  15 1 0
 170   0 0 0
 81   1 1 0
 210   0 0 0
 -25   1 1 0
 -56   4 1 0
 -116   8 1 0
 0   0 1 0
 0   0 1 0
 0   0 1 0
 43   2 0 0
 -46  14 1 0
 140   5 0 0
 -15   7 1 0
 118   0 1 0
 27   8 0 0
 74  11 1 0
 177  11 0 0
 33  15 1 0
 118   0 1 0
 27   8 0 0
 74  11 1 0
 177  11 0 0
 33  15 1 0
 62  10 1 0
 118   2 0 0
 95  14 1 0
 0   0 1 0
 0   0 1 0
 175   7 0 0
 177  10 0 0
 119  12 1 0
 -82  13 1 0
 0   0 1 0
 175   7 0 0
 177  10 0 0
 119  12 1 0
 -82  13 1 0
