 91   2 1 0
 -93   0 1 0
 19   6 1 0
 91   2 1 0
 -93   0 1 0
 19   6 1 0
 11  12 1 0
 105   1 0 0
 74   7 1 0
 22   1 0 0
 -28   4 1 0
 1   2 0 0
 -10   6 1 0
 131  13 0 0
 -63  15 1 0
 87   1 1 0
 1   2 0 0
 -10   6 1 0
 131  13 0 0
 -63  15 1 0
 87   1 1 0
 185   1 0 0
 69   6 0 0
 27   9 0 0
 -1  10 1 0
 -122  12 1 0
 219   6 0 0
 -15   8 1 0
 137   1 0 0
 36  12 1 0
 161   0 0 0
 138   3 0 0
 200   8 0 0
 23   9 1 0
 182   0 0 0
 65   9 1 0
 -12   2 1 0
 62   2 0 0
 69   6 1 0
 -6   5 1 0
 0   0 1 0
 127   2 0 0
 96   3 0 0
 36   7 0 0
 60  11 1 0
 115   0 0 0
 79   6 0 0
 -55  11 1 0
 11  12 1 0
 105   1 0 0
 74   7 1 0
 22   1 0 0
 -28   4 1 0
 0   0 1 0
 139   2 0 0
 156   3 0 0
 112  11 1 0
 2   0 0 0
 22   1 0 0
 29  11 0 0
 213  12 0 0
 -114  13 1 0
 49   0 0 0
 177   6 0 0
 221   8 0 0
 1   9 0 0
 151  10 0 0
 -58  14 1 0
 79   1 0 0
 106   4 0 0
 29  14 1 0
 234   7 0 0
 -15  15 1 0
 185   1 0 0
 69   6 0 0
 27   9 0 0
 -1  10 1 0
 -122  12 1 0
 219   6 0 0
 -15   8 1 0
 2   6 1 0
 0   0 1 0
 -11  15 1 0
 0   0 1 0
 25   1 0 0
 205   2 0 0
 -17   5 1 0
 148   1 0 0
 147   4 0 0
 7  13 1 0
 0   0 1 0
 127   2 0 0
 96   3 0 0
 36   7 0 0
 60  11 1 0
 115   0 0 0
 79   6 0 0
 -55  11 1 0
 15   1 1 0
 98   8 1 0
 250   1 0 0
 -101  11 1 0
 157   2 0 0
 -34   4 1 0
 208   2 0 0
 69   7 0 0
 -27  15 1 0
 57   0 0 0
 -124   1 1 0
 49   0 0 0
 177   6 0 0
 221   8 0 0
 1   9 0 0
 151  10 0 0
 -58  14 1 0
 79   1 0 0
 106   4 0 0
 29  14 1 0
 234   7 0 0
 -15  15 1 0
 11   3 1 0
 0   0 1 0
 110   4 1 0
 253   0 0 0
 72   8 1 0
 66   9 1 0
 54   2 0 0
 127   7 0 0
 122  13 1 0
 0   0 1 0
 25   1 0 0
 205   2 0 0
 -17   5 1 0
 148   1 0 0
 147   4 0 0
 7  13 1 0
 -61   0 1 0
 78   9 0 0
 81  15 1 0
 -34   5 1 0
 148   4 0 0
 107   5 1 0
 -88   1 1 0
 -65   1 1 0
 157   2 0 0
 -34   4 1 0
 208   2 0 0
 69   7 0 0
 -27  15 1 0
 57   0 0 0
 -124   1 1 0
 164   3 0 0
 -7  11 1 0
 243   3 0 0
 42   6 0 0
 -84   9 1 0
 23   3 1 0
 0   0 1 0
 47   2 0 0
 32   5 0 0
 65   8 0 0
 -24  12 1 0
 150   2 0 0
 -115   6 1 0
 253   0 0 0
 72   8 1 0
 66   9 1 0
 54   2 0 0
 127   7 0 0
 122  13 1 0
 95   9 0 0
 26  11 0 0
 -27  15 1 0
 -109  13 1 0
 28   0 0 0
 177   6 0 0
 39  15 1 0
 98   4 0 0
 9   7 0 0
 104   9 1 0
 0   0 1 0
 27   1 0 0
 -1   5 1 0
 148   4 0 0
 107   5 1 0
 -88   1 1 0
 -65   1 1 0
 -115  14 1 0
 0   0 1 0
 69  10 0 0
 44  15 1 0
 111   5 0 0
 121   9 1 0
 0   0 1 0
 0   0 1 0
 0   0 1 0
 47   2 0 0
 32   5 0 0
 65   8 0 0
 -24  12 1 0
 150   2 0 0
 -115   6 1 0
 137   4 0 0
 221   8 0 0
 -20  11 1 0
 0   0 1 0
 -83  14 1 0
 0   0 1 0
 67   1 0 0
 250   2 0 0
 27   3 0 0
 38   6 0 0
 -54  13 1 0
 68  15 1 0
 98   4 0 0
 9   7 0 0
 104   9 1 0
 0   0 1 0
 27   1 0 0
 -1   5 1 0
 157   4 0 0
 -113  14 1 0
 -50   5 1 0
 0   0 1 0
 0   0 1 0
 0   0 1 0
 1   9 1 0
 111   5 0 0
 121   9 1 0
 0   0 1 0
 0   0 1 0
 146   5 0 0
 162   7 0 0
 107  10 1 0
 66   3 0 0
 10   4 0 0
 -70  13 1 0
 11   5 0 0
 15  15 1 0
 0   0 1 0
 12   1 1 0
 171   4 0 0
 -32   5 1 0
 0   0 1 0
 67   1 0 0
 250   2 0 0
 27   3 0 0
 38   6 0 0
 -54  13 1 0
 68  15 1 0
 -118   8 1 0
 0   0 1 0
 -70   8 1 0
 9   7 0 0
 51   9 1 0
 54   1 1 0
 0   0 1 0
 0   0 1 0
 0   0 1 0
 1   9 1 0
 0   0 1 0
 72   9 1 0
 103  10 1 0
 49   5 1 0
 124  15 1 0
 220   9 0 0
 114  14 1 0
 0   0 1 0
 12   1 1 0
 171   4 0 0
 -32   5 1 0
 0   0 1 0
 -106  15 1 0
 152   0 0 0
 253   3 0 0
 -77  12 1 0
 221   0 0 0
 5   5 0 0
 -35   6 1 0
 -126   8 1 0
 75   0 0 0
 207   1 0 0
 138   5 0 0
 28   9 1 0
 9   7 0 0
 51   9 1 0
 54   1 1 0
 0   0 1 0
 254   7 0 0
 -38  13 1 0
 136   7 0 0
 -41  12 1 0
 -71   3 1 0
 -45   6 1 0
 0   0 1 0
 -74   4 1 0
 49   5 1 0
 124  15 1 0
 220   9 0 0
 114  14 1 0
 13   6 0 0
 68  12 1 0
 -105  12 1 0
 197   6 0 0
 60   7 0 0
 106  12 1 0
 132  11 0 0
 114  14 1 0
 15   8 1 0
 37   4 0 0
 -67   8 1 0
 221   0 0 0
 5   5 0 0
 -35   6 1 0
 -126   8 1 0
 75   0 0 0
 207   1 0 0
 138   5 0 0
 28   9 1 0
 241   0 0 0
 56   7 0 0
 73   9 1 0
 0   0 1 0
 -92  13 1 0
 204   2 0 0
 69   9 0 0
 82  15 1 0
 0   0 1 0
 213   0 0 0
 138  10 0 0
 -86  14 1 0
 -45   6 1 0
 0   0 1 0
 -74   4 1 0
 20   6 1 0
 56   3 0 0
 -14  10 1 0
 117   3 0 0
 212   5 0 0
 47  11 1 0
 -123   5 1 0
 244  13 0 0
 -99  14 1 0
 -63   3 1 0
 132  11 0 0
 114  14 1 0
 15   8 1 0
 37   4 0 0
 -67   8 1 0
 107   2 0 0
 -61   8 1 0
 0   0 1 0
 1   7 1 0
 74  12 1 0
 51   2 0 0
 62  12 1 0
 243   6 0 0
 235   9 0 0
 2  13 1 0
 204   2 0 0
 69   9 0 0
 82  15 1 0
 0   0 1 0
 213   0 0 0
 138  10 0 0
 -86  14 1 0
 155   5 0 0
 109   6 0 0
 -93  13 1 0
 -50   8 1 0
 155   3 0 0
 34   8 1 0
 0   0 1 0
 -50  12 1 0
 99   3 0 0
 -26   5 1 0
 -123   5 1 0
 244  13 0 0
 -99  14 1 0
 -63   3 1 0
 239   4 0 0
 126   6 0 0
 135  13 0 0
 -85  15 1 0
 161  11 0 0
 -39  14 1 0
 204   0 0 0
 74   6 1 0
 0   0 1 0
 -3   6 1 0
 113   0 0 0
 193   8 0 0
 120  12 0 0
 -99  15 1 0
 74  12 1 0
 51   2 0 0
 62  12 1 0
 243   6 0 0
 235   9 0 0
 2  13 1 0
 0   0 1 0
 17   1 1 0
 74  10 0 0
 -26  15 1 0
 116  10 0 0
 220  11 0 0
 103  13 1 0
 241   0 0 0
 232   6 0 0
 141  13 0 0
 112  14 0 0
 -3  15 1 0
 180   4 0 0
 63   6 1 0
 0   0 1 0
 -50  12 1 0
 99   3 0 0
 -26   5 1 0
 -24  13 1 0
 33   3 0 0
 186   9 0 0
 38  12 1 0
 33   2 0 0
 -119  11 1 0
 -69   2 1 0
 -37   8 1 0
 0   0 1 0
 0   0 1 0
 -3   6 1 0
 113   0 0 0
 193   8 0 0
 120  12 0 0
 -99  15 1 0
 122  10 1 0
 -4   5 1 0
 118   9 0 0
 200  10 0 0
 -48  15 1 0
 0   0 1 0
 -20   3 1 0
 156   4 0 0
 37  14 1 0
 116  10 0 0
 220  11 0 0
 103  13 1 0
 241   0 0 0
 232   6 0 0
 141  13 0 0
 112  14 0 0
 -3  15 1 0
 180   4 0 0
 63   6 1 0
 -99   8 1 0
 108   5 1 0
 86   6 0 0
 64   8 1 0
 0   0 1 0
 0   0 1 0
 252   4 0 0
 94  10 1 0
 -69   2 1 0
 -37   8 1 0
 0   0 1 0
 0   0 1 0
 205   8 0 0
 163   9 0 0
 163  11 0 0
 -33  12 1 0
 4   5 1 0
 163   0 0 0
 51  14 1 0
 220   2 0 0
 146   3 0 0
 9  11 0 0
 61  13 1 0
 64   0 0 0
 71   7 1 0
 0   0 1 0
 -20   3 1 0
 156   4 0 0
 37  14 1 0
 104   4 0 0
 39   8 0 0
 54  15 1 0
 0   0 1 0
 0   0 1 0
 0   0 1 0
 201  11 0 0
 -125  15 1 0
 233   4 0 0
 73  10 0 0
 89  11 1 0
 0   0 1 0
 0   0 1 0
 252   4 0 0
 94  10 1 0
 0   0 1 0
 151   2 0 0
 -98  13 1 0
 24   9 1 0
 74  15 1 0
 25   5 0 0
 -52  10 1 0
 53  10 0 0
 19  11 1 0
 163   0 0 0
 51  14 1 0
 220   2 0 0
 146   3 0 0
 9  11 0 0
 61  13 1 0
 64   0 0 0
 71   7 1 0
 109   1 0 0
 59   7 1 0
 199   1 0 0
 167   5 0 0
 -126   8 1 0
 24   3 0 0
 -101   4 1 0
 78   9 1 0
 104   8 0 0
 -46  13 1 0
 29  10 1 0
 0   0 1 0
 201  11 0 0
 -125  15 1 0
 233   4 0 0
 73  10 0 0
 89  11 1 0
 80   4 1 0
 146   3 0 0
 -61   7 1 0
 41   0 0 0
 108  11 1 0
 80  13 1 0
 205   4 0 0
 64  10 0 0
 5  12 1 0
 74   2 0 0
 84  10 1 0
 74  15 1 0
 25   5 0 0
 -52  10 1 0
 53  10 0 0
 19  11 1 0
 65   2 0 0
 85   6 1 0
 189   0 0 0
 -54  13 1 0
 48   2 0 0
 194   6 0 0
 163   9 0 0
 -53  15 1 0
 227   1 0 0
 159   4 0 0
 31  10 0 0
 211  12 0 0
 -126  13 1 0
 108   7 1 0
 114   5 0 0
 22   7 0 0
 -74  12 1 0
 78   9 1 0
 104   8 0 0
 -46  13 1 0
 29  10 1 0
 187  10 0 0
 87  15 1 0
 194  11 0 0
 -49  12 1 0
 135  13 0 0
 54  15 1 0
 161   0 0 0
 137   5 0 0
 160   7 0 0
 -35  11 1 0
 3  14 1 0
 0   0 1 0
 80  13 1 0
 205   4 0 0
 64  10 0 0
 5  12 1 0
 74   2 0 0
 84  10 1 0
 -49  14 1 0
 0   0 1 0
 7   4 1 0
 -49  14 1 0
 0   0 1 0
 7   4 1 0
