 0 0 0 1 0
 0 0 0 1 0
 62 0 2 1 0
 0 0 0 1 0
 -120 0 0 0 0
 67 0 8 1 0
 -36 0 4 0 0
 -54 0 10 1 0
 47 0 9 0 0
 2 0 13 1 0
 0 0 0 1 0
 0 1 0 1 0

 0 0 0 1 0
 0 0 0 1 0
 62 0 2 1 0
 0 0 0 1 0
 -120 0 0 0 0
 67 0 8 1 0
 -36 0 4 0 0
 -54 0 10 1 0
 47 0 9 0 0
 2 0 13 1 0
 0 0 0 1 0
 0 1 0 1 0

 0 0 0 1 0
 0 0 0 1 0
 62 0 2 1 0
 0 0 0 1 0
 -120 0 0 0 0
 67 0 8 1 0
 -36 0 4 0 0
 -54 0 10 1 0
 47 0 9 0 0
 2 0 13 1 0
 0 0 0 1 0
 0 1 0 1 0

 0 0 0 1 0
 0 0 0 1 0
 62 0 2 1 0
 0 0 0 1 0
 -120 0 0 0 0
 67 0 8 1 0
 -36 0 4 0 0
 -54 0 10 1 0
 47 0 9 0 0
 2 0 13 1 0
 0 0 0 1 0
 0 1 0 1 0

 0 0 0 1 0
 0 0 0 1 0
 62 0 2 1 0
 0 0 0 1 0
 -120 0 0 0 0
 67 0 8 1 0
 -36 0 4 0 0
 -54 0 10 1 0
 47 0 9 0 0
 2 0 13 1 0
 0 0 0 1 0
 0 1 0 1 0

 0 0 0 1 0
 0 0 0 1 0
 62 0 2 1 0
 0 0 0 1 0
 -120 0 0 0 0
 67 0 8 1 0
 -36 0 4 0 0
 -54 0 10 1 0
 47 0 9 0 0
 2 0 13 1 0
 0 0 0 1 0
 0 1 0 1 0

 0 0 0 1 0
 0 0 0 1 0
 62 0 2 1 0
 0 0 0 1 0
 -120 0 0 0 0
 67 0 8 1 0
 -36 0 4 0 0
 -54 0 10 1 0
 47 0 9 0 0
 2 0 13 1 0
 0 0 0 1 0
 0 1 0 1 0

 0 0 0 1 0
 0 0 0 1 0
 62 0 2 1 0
 0 0 0 1 0
 -120 0 0 0 0
 67 0 8 1 0
 -36 0 4 0 0
 -54 0 10 1 0
 47 0 9 0 0
 2 0 13 1 0
 0 0 0 1 0
 0 1 0 1 0

 0 0 0 1 0
 0 0 0 1 0
 62 0 2 1 0
 0 0 0 1 0
 -120 0 0 0 0
 67 0 8 1 0
 -36 0 4 0 0
 -54 0 10 1 0
 47 0 9 0 0
 2 0 13 1 0
 0 0 0 1 0
 0 1 0 1 0

 0 0 0 1 0
 0 0 0 1 0
 62 0 2 1 0
 0 0 0 1 0
 -120 0 0 0 0
 67 0 8 1 0
 -36 0 4 0 0
 -54 0 10 1 0
 47 0 9 0 0
 2 0 13 1 0
 0 0 0 1 0
 0 1 0 1 0

 0 0 0 1 0
 0 0 0 1 0
 62 0 2 1 0
 0 0 0 1 0
 -120 0 0 0 0
 67 0 8 1 0
 -36 0 4 0 0
 -54 0 10 1 0
 47 0 9 0 0
 2 0 13 1 0
 0 0 0 1 0
 0 1 0 1 0

 0 0 0 1 0
 0 0 0 1 0
 62 0 2 1 0
 0 0 0 1 0
 -120 0 0 0 0
 67 0 8 1 0
 -36 0 4 0 0
 -54 0 10 1 0
 47 0 9 0 0
 2 0 13 1 0
 0 0 0 1 0
 0 1 0 1 0

 0 0 0 1 0
 0 0 0 1 0
 62 0 2 1 0
 0 0 0 1 0
 -120 0 0 0 0
 67 0 8 1 0
 -36 0 4 0 0
 -54 0 10 1 0
 47 0 9 0 0
 2 0 13 1 0
 0 0 0 1 0
 0 1 0 1 0

 0 0 0 1 0
 0 0 0 1 0
 62 0 2 1 0
 0 0 0 1 0
 -120 0 0 0 0
 67 0 8 1 0
 -36 0 4 0 0
 -54 0 10 1 0
 47 0 9 0 0
 2 0 13 1 0
 0 0 0 1 0
 0 1 0 1 0

 0 0 0 1 0
 0 0 0 1 0
 62 0 2 1 0
 0 0 0 1 0
 -120 0 0 0 0
 67 0 8 1 0
 -36 0 4 0 0
 -54 0 10 1 0
 47 0 9 0 0
 2 0 13 1 0
 0 0 0 1 0
 0 1 0 1 0

 0 0 0 1 0
 0 0 0 1 0
 62 0 2 1 0
 0 0 0 1 0
 -120 0 0 0 0
 67 0 8 1 0
 -36 0 4 0 0
 -54 0 10 1 0
 47 0 9 0 0
 2 0 13 1 0
 0 0 0 1 0
 0 1 0 1 0

 0 0 0 1 0
 0 0 0 1 0
 62 0 2 1 0
 0 0 0 1 0
 -120 0 0 0 0
 67 0 8 1 0
 -36 0 4 0 0
 -54 0 10 1 0
 47 0 9 0 0
 2 0 13 1 0
 0 0 0 1 0
 0 1 0 1 0

 0 0 0 1 0
 0 0 0 1 0
 62 0 2 1 0
 0 0 0 1 0
 -120 0 0 0 0
 67 0 8 1 0
 -36 0 4 0 0
 -54 0 10 1 0
 47 0 9 0 0
 2 0 13 1 0
 0 0 0 1 0
 0 1 0 1 0

 0 0 0 1 0
 0 0 0 1 0
 62 0 2 1 0
 0 0 0 1 0
 -120 0 0 0 0
 67 0 8 1 0
 -36 0 4 0 0
 -54 0 10 1 0
 47 0 9 0 0
 2 0 13 1 0
 0 0 0 1 0
 0 1 0 1 0

 0 0 0 1 0
 0 0 0 1 0
 62 0 2 1 0
 0 0 0 1 0
 -120 0 0 0 0
 67 0 8 1 0
 -36 0 4 0 0
 -54 0 10 1 0
 47 0 9 0 0
 2 0 13 1 0
 0 0 0 1 0
 0 1 0 1 0

 0 0 0 1 0
 0 0 0 1 0
 62 0 2 1 0
 0 0 0 1 0
 -120 0 0 0 0
 67 0 8 1 0
 -36 0 4 0 0
 -54 0 10 1 0
 47 0 9 0 0
 2 0 13 1 0
 0 0 0 1 0
 0 1 0 1 0

 0 0 0 1 0
 0 0 0 1 0
 62 0 2 1 0
 0 0 0 1 0
 -120 0 0 0 0
 67 0 8 1 0
 -36 0 4 0 0
 -54 0 10 1 0
 47 0 9 0 0
 2 0 13 1 0
 0 0 0 1 0
 0 1 0 1 0

 0 0 0 1 0
 0 0 0 1 0
 62 0 2 1 0
 0 0 0 1 0
 -120 0 0 0 0
 67 0 8 1 0
 -36 0 4 0 0
 -54 0 10 1 0
 47 0 9 0 0
 2 0 13 1 0
 0 0 0 1 0
 0 1 0 1 0

 0 0 0 1 0
 0 0 0 1 0
 62 0 2 1 0
 0 0 0 1 0
 -120 0 0 0 0
 67 0 8 1 0
 -36 0 4 0 0
 -54 0 10 1 0
 47 0 9 0 0
 2 0 13 1 0
 0 0 0 1 0
 0 1 0 1 0

 0 0 0 1 0
 0 0 0 1 0
 62 0 2 1 0
 0 0 0 1 0
 -120 0 0 0 0
 67 0 8 1 0
 -36 0 4 0 0
 -54 0 10 1 0
 47 0 9 0 0
 2 0 13 1 0
 0 0 0 1 0
 0 1 0 1 0

 0 0 0 1 0
 0 0 0 1 0
 62 0 2 1 0
 0 0 0 1 0
 -120 0 0 0 0
 67 0 8 1 0
 -36 0 4 0 0
 -54 0 10 1 0
 47 0 9 0 0
 2 0 13 1 0
 0 0 0 1 0
 0 1 0 1 0

 0 0 0 1 0
 0 0 0 1 0
 62 0 2 1 0
 0 0 0 1 0
 -120 0 0 0 0
 67 0 8 1 0
 -36 0 4 0 0
 -54 0 10 1 0
 47 0 9 0 0
 2 0 13 1 0
 0 0 0 1 0
 0 1 0 1 0

 0 0 0 1 0
 0 0 0 1 0
 62 0 2 1 0
 0 0 0 1 0
 -120 0 0 0 0
 67 0 8 1 0
 -36 0 4 0 0
 -54 0 10 1 0
 47 0 9 0 0
 2 0 13 1 0
 0 0 0 1 0
 0 1 0 1 0

 0 0 0 1 0
 0 0 0 1 0
 62 0 2 1 0
 0 0 0 1 0
 -120 0 0 0 0
 67 0 8 1 0
 -36 0 4 0 0
 -54 0 10 1 0
 47 0 9 0 0
 2 0 13 1 0
 0 0 0 1 0
 0 1 0 1 0

 0 0 0 1 0
 0 0 0 1 0
 62 0 2 1 0
 0 0 0 1 0
 -120 0 0 0 0
 67 0 8 1 0
 -36 0 4 0 0
 -54 0 10 1 0
 47 0 9 0 0
 2 0 13 1 0
 0 0 0 1 0
 0 1 0 1 0

 0 0 0 1 0
 0 0 0 1 0
 62 0 2 1 0
 0 0 0 1 0
 -120 0 0 0 0
 67 0 8 1 0
 -36 0 4 0 0
 -54 0 10 1 0
 47 0 9 0 0
 2 0 13 1 0
 0 0 0 1 0
 0 1 0 1 0

 0 0 0 1 0
 0 0 0 1 0
 62 0 2 1 0
 0 0 0 1 0
 -120 0 0 0 0
 67 0 8 1 0
 -36 0 4 0 0
 -54 0 10 1 0
 47 0 9 0 0
 2 0 13 1 0
 0 0 0 1 0
 0 1 0 1 0

 0 0 0 1 0
 0 0 0 1 0
 62 0 2 1 0
 0 0 0 1 0
 -120 0 0 0 0
 67 0 8 1 0
 -36 0 4 0 0
 -54 0 10 1 0
 47 0 9 0 0
 2 0 13 1 0
 0 0 0 1 0
 0 1 0 1 0

 0 0 0 1 0
 0 0 0 1 0
 62 0 2 1 0
 0 0 0 1 0
 -120 0 0 0 0
 67 0 8 1 0
 -36 0 4 0 0
 -54 0 10 1 0
 47 0 9 0 0
 2 0 13 1 0
 0 0 0 1 0
 0 1 0 1 0

 0 0 0 1 0
 0 0 0 1 0
 62 0 2 1 0
 0 0 0 1 0
 -120 0 0 0 0
 67 0 8 1 0
 -36 0 4 0 0
 -54 0 10 1 0
 47 0 9 0 0
 2 0 13 1 0
 0 0 0 1 0
 0 1 0 1 0

 0 0 0 1 0
 0 0 0 1 0
 62 0 2 1 0
 0 0 0 1 0
 -120 0 0 0 0
 67 0 8 1 0
 -36 0 4 0 0
 -54 0 10 1 0
 47 0 9 0 0
 2 0 13 1 0
 0 0 0 1 0
 0 1 0 1 0

