 39 0 9 1 0
 0 0 0 1 0
 91 0 7 1 0
 4 0 1 0 0
 -86 0 15 1 0
 126 0 5 0 0
 18 0 7 1 0
 0 0 0 1 0
 0 0 0 1 0
 40 0 8 0 0
 2 0 9 0 0
 122 0 10 1 0
 43 0 0 0 0
 -59 1 8 1 0

 39 0 9 1 0
 0 0 0 1 0
 91 0 7 1 0
 4 0 1 0 0
 -86 0 15 1 0
 126 0 5 0 0
 18 0 7 1 0
 0 0 0 1 0
 0 0 0 1 0
 40 0 8 0 0
 2 0 9 0 0
 122 0 10 1 0
 43 0 0 0 0
 -59 1 8 1 0

 39 0 9 1 0
 0 0 0 1 0
 91 0 7 1 0
 4 0 1 0 0
 -86 0 15 1 0
 126 0 5 0 0
 18 0 7 1 0
 0 0 0 1 0
 0 0 0 1 0
 40 0 8 0 0
 2 0 9 0 0
 122 0 10 1 0
 43 0 0 0 0
 -59 1 8 1 0

 39 0 9 1 0
 0 0 0 1 0
 91 0 7 1 0
 4 0 1 0 0
 -86 0 15 1 0
 126 0 5 0 0
 18 0 7 1 0
 0 0 0 1 0
 0 0 0 1 0
 40 0 8 0 0
 2 0 9 0 0
 122 0 10 1 0
 43 0 0 0 0
 -59 1 8 1 0

 39 0 9 1 0
 0 0 0 1 0
 91 0 7 1 0
 4 0 1 0 0
 -86 0 15 1 0
 126 0 5 0 0
 18 0 7 1 0
 0 0 0 1 0
 0 0 0 1 0
 40 0 8 0 0
 2 0 9 0 0
 122 0 10 1 0
 43 0 0 0 0
 -59 1 8 1 0

 39 0 9 1 0
 0 0 0 1 0
 91 0 7 1 0
 4 0 1 0 0
 -86 0 15 1 0
 126 0 5 0 0
 18 0 7 1 0
 0 0 0 1 0
 0 0 0 1 0
 40 0 8 0 0
 2 0 9 0 0
 122 0 10 1 0
 43 0 0 0 0
 -59 1 8 1 0

 39 0 9 1 0
 0 0 0 1 0
 91 0 7 1 0
 4 0 1 0 0
 -86 0 15 1 0
 126 0 5 0 0
 18 0 7 1 0
 0 0 0 1 0
 0 0 0 1 0
 40 0 8 0 0
 2 0 9 0 0
 122 0 10 1 0
 43 0 0 0 0
 -59 1 8 1 0

 39 0 9 1 0
 0 0 0 1 0
 91 0 7 1 0
 4 0 1 0 0
 -86 0 15 1 0
 126 0 5 0 0
 18 0 7 1 0
 0 0 0 1 0
 0 0 0 1 0
 40 0 8 0 0
 2 0 9 0 0
 122 0 10 1 0
 43 0 0 0 0
 -59 1 8 1 0

 39 0 9 1 0
 0 0 0 1 0
 91 0 7 1 0
 4 0 1 0 0
 -86 0 15 1 0
 126 0 5 0 0
 18 0 7 1 0
 0 0 0 1 0
 0 0 0 1 0
 40 0 8 0 0
 2 0 9 0 0
 122 0 10 1 0
 43 0 0 0 0
 -59 1 8 1 0

 39 0 9 1 0
 0 0 0 1 0
 91 0 7 1 0
 4 0 1 0 0
 -86 0 15 1 0
 126 0 5 0 0
 18 0 7 1 0
 0 0 0 1 0
 0 0 0 1 0
 40 0 8 0 0
 2 0 9 0 0
 122 0 10 1 0
 43 0 0 0 0
 -59 1 8 1 0

 39 0 9 1 0
 0 0 0 1 0
 91 0 7 1 0
 4 0 1 0 0
 -86 0 15 1 0
 126 0 5 0 0
 18 0 7 1 0
 0 0 0 1 0
 0 0 0 1 0
 40 0 8 0 0
 2 0 9 0 0
 122 0 10 1 0
 43 0 0 0 0
 -59 1 8 1 0

 39 0 9 1 0
 0 0 0 1 0
 91 0 7 1 0
 4 0 1 0 0
 -86 0 15 1 0
 126 0 5 0 0
 18 0 7 1 0
 0 0 0 1 0
 0 0 0 1 0
 40 0 8 0 0
 2 0 9 0 0
 122 0 10 1 0
 43 0 0 0 0
 -59 1 8 1 0

 39 0 9 1 0
 0 0 0 1 0
 91 0 7 1 0
 4 0 1 0 0
 -86 0 15 1 0
 126 0 5 0 0
 18 0 7 1 0
 0 0 0 1 0
 0 0 0 1 0
 40 0 8 0 0
 2 0 9 0 0
 122 0 10 1 0
 43 0 0 0 0
 -59 1 8 1 0

 39 0 9 1 0
 0 0 0 1 0
 91 0 7 1 0
 4 0 1 0 0
 -86 0 15 1 0
 126 0 5 0 0
 18 0 7 1 0
 0 0 0 1 0
 0 0 0 1 0
 40 0 8 0 0
 2 0 9 0 0
 122 0 10 1 0
 43 0 0 0 0
 -59 1 8 1 0

 39 0 9 1 0
 0 0 0 1 0
 91 0 7 1 0
 4 0 1 0 0
 -86 0 15 1 0
 126 0 5 0 0
 18 0 7 1 0
 0 0 0 1 0
 0 0 0 1 0
 40 0 8 0 0
 2 0 9 0 0
 122 0 10 1 0
 43 0 0 0 0
 -59 1 8 1 0

 39 0 9 1 0
 0 0 0 1 0
 91 0 7 1 0
 4 0 1 0 0
 -86 0 15 1 0
 126 0 5 0 0
 18 0 7 1 0
 0 0 0 1 0
 0 0 0 1 0
 40 0 8 0 0
 2 0 9 0 0
 122 0 10 1 0
 43 0 0 0 0
 -59 1 8 1 0

 39 0 9 1 0
 0 0 0 1 0
 91 0 7 1 0
 4 0 1 0 0
 -86 0 15 1 0
 126 0 5 0 0
 18 0 7 1 0
 0 0 0 1 0
 0 0 0 1 0
 40 0 8 0 0
 2 0 9 0 0
 122 0 10 1 0
 43 0 0 0 0
 -59 1 8 1 0

 39 0 9 1 0
 0 0 0 1 0
 91 0 7 1 0
 4 0 1 0 0
 -86 0 15 1 0
 126 0 5 0 0
 18 0 7 1 0
 0 0 0 1 0
 0 0 0 1 0
 40 0 8 0 0
 2 0 9 0 0
 122 0 10 1 0
 43 0 0 0 0
 -59 1 8 1 0

 39 0 9 1 0
 0 0 0 1 0
 91 0 7 1 0
 4 0 1 0 0
 -86 0 15 1 0
 126 0 5 0 0
 18 0 7 1 0
 0 0 0 1 0
 0 0 0 1 0
 40 0 8 0 0
 2 0 9 0 0
 122 0 10 1 0
 43 0 0 0 0
 -59 1 8 1 0

 39 0 9 1 0
 0 0 0 1 0
 91 0 7 1 0
 4 0 1 0 0
 -86 0 15 1 0
 126 0 5 0 0
 18 0 7 1 0
 0 0 0 1 0
 0 0 0 1 0
 40 0 8 0 0
 2 0 9 0 0
 122 0 10 1 0
 43 0 0 0 0
 -59 1 8 1 0

 39 0 9 1 0
 0 0 0 1 0
 91 0 7 1 0
 4 0 1 0 0
 -86 0 15 1 0
 126 0 5 0 0
 18 0 7 1 0
 0 0 0 1 0
 0 0 0 1 0
 40 0 8 0 0
 2 0 9 0 0
 122 0 10 1 0
 43 0 0 0 0
 -59 1 8 1 0

 39 0 9 1 0
 0 0 0 1 0
 91 0 7 1 0
 4 0 1 0 0
 -86 0 15 1 0
 126 0 5 0 0
 18 0 7 1 0
 0 0 0 1 0
 0 0 0 1 0
 40 0 8 0 0
 2 0 9 0 0
 122 0 10 1 0
 43 0 0 0 0
 -59 1 8 1 0

 39 0 9 1 0
 0 0 0 1 0
 91 0 7 1 0
 4 0 1 0 0
 -86 0 15 1 0
 126 0 5 0 0
 18 0 7 1 0
 0 0 0 1 0
 0 0 0 1 0
 40 0 8 0 0
 2 0 9 0 0
 122 0 10 1 0
 43 0 0 0 0
 -59 1 8 1 0

 39 0 9 1 0
 0 0 0 1 0
 91 0 7 1 0
 4 0 1 0 0
 -86 0 15 1 0
 126 0 5 0 0
 18 0 7 1 0
 0 0 0 1 0
 0 0 0 1 0
 40 0 8 0 0
 2 0 9 0 0
 122 0 10 1 0
 43 0 0 0 0
 -59 1 8 1 0

 39 0 9 1 0
 0 0 0 1 0
 91 0 7 1 0
 4 0 1 0 0
 -86 0 15 1 0
 126 0 5 0 0
 18 0 7 1 0
 0 0 0 1 0
 0 0 0 1 0
 40 0 8 0 0
 2 0 9 0 0
 122 0 10 1 0
 43 0 0 0 0
 -59 1 8 1 0

 39 0 9 1 0
 0 0 0 1 0
 91 0 7 1 0
 4 0 1 0 0
 -86 0 15 1 0
 126 0 5 0 0
 18 0 7 1 0
 0 0 0 1 0
 0 0 0 1 0
 40 0 8 0 0
 2 0 9 0 0
 122 0 10 1 0
 43 0 0 0 0
 -59 1 8 1 0

 39 0 9 1 0
 0 0 0 1 0
 91 0 7 1 0
 4 0 1 0 0
 -86 0 15 1 0
 126 0 5 0 0
 18 0 7 1 0
 0 0 0 1 0
 0 0 0 1 0
 40 0 8 0 0
 2 0 9 0 0
 122 0 10 1 0
 43 0 0 0 0
 -59 1 8 1 0

 39 0 9 1 0
 0 0 0 1 0
 91 0 7 1 0
 4 0 1 0 0
 -86 0 15 1 0
 126 0 5 0 0
 18 0 7 1 0
 0 0 0 1 0
 0 0 0 1 0
 40 0 8 0 0
 2 0 9 0 0
 122 0 10 1 0
 43 0 0 0 0
 -59 1 8 1 0

 39 0 9 1 0
 0 0 0 1 0
 91 0 7 1 0
 4 0 1 0 0
 -86 0 15 1 0
 126 0 5 0 0
 18 0 7 1 0
 0 0 0 1 0
 0 0 0 1 0
 40 0 8 0 0
 2 0 9 0 0
 122 0 10 1 0
 43 0 0 0 0
 -59 1 8 1 0

 39 0 9 1 0
 0 0 0 1 0
 91 0 7 1 0
 4 0 1 0 0
 -86 0 15 1 0
 126 0 5 0 0
 18 0 7 1 0
 0 0 0 1 0
 0 0 0 1 0
 40 0 8 0 0
 2 0 9 0 0
 122 0 10 1 0
 43 0 0 0 0
 -59 1 8 1 0

 39 0 9 1 0
 0 0 0 1 0
 91 0 7 1 0
 4 0 1 0 0
 -86 0 15 1 0
 126 0 5 0 0
 18 0 7 1 0
 0 0 0 1 0
 0 0 0 1 0
 40 0 8 0 0
 2 0 9 0 0
 122 0 10 1 0
 43 0 0 0 0
 -59 1 8 1 0

 39 0 9 1 0
 0 0 0 1 0
 91 0 7 1 0
 4 0 1 0 0
 -86 0 15 1 0
 126 0 5 0 0
 18 0 7 1 0
 0 0 0 1 0
 0 0 0 1 0
 40 0 8 0 0
 2 0 9 0 0
 122 0 10 1 0
 43 0 0 0 0
 -59 1 8 1 0

 39 0 9 1 0
 0 0 0 1 0
 91 0 7 1 0
 4 0 1 0 0
 -86 0 15 1 0
 126 0 5 0 0
 18 0 7 1 0
 0 0 0 1 0
 0 0 0 1 0
 40 0 8 0 0
 2 0 9 0 0
 122 0 10 1 0
 43 0 0 0 0
 -59 1 8 1 0

 39 0 9 1 0
 0 0 0 1 0
 91 0 7 1 0
 4 0 1 0 0
 -86 0 15 1 0
 126 0 5 0 0
 18 0 7 1 0
 0 0 0 1 0
 0 0 0 1 0
 40 0 8 0 0
 2 0 9 0 0
 122 0 10 1 0
 43 0 0 0 0
 -59 1 8 1 0

 39 0 9 1 0
 0 0 0 1 0
 91 0 7 1 0
 4 0 1 0 0
 -86 0 15 1 0
 126 0 5 0 0
 18 0 7 1 0
 0 0 0 1 0
 0 0 0 1 0
 40 0 8 0 0
 2 0 9 0 0
 122 0 10 1 0
 43 0 0 0 0
 -59 1 8 1 0

 39 0 9 1 0
 0 0 0 1 0
 91 0 7 1 0
 4 0 1 0 0
 -86 0 15 1 0
 126 0 5 0 0
 18 0 7 1 0
 0 0 0 1 0
 0 0 0 1 0
 40 0 8 0 0
 2 0 9 0 0
 122 0 10 1 0
 43 0 0 0 0
 -59 1 8 1 0

