 -67 0 6 1 0
 -87 0 3 0 0
 16 0 14 1 0
 117 0 2 1 0
 0 0 0 1 0
 39 0 3 0 0
 19 0 4 0 0
 -33 0 8 0 0
 -62 0 11 0 0
 -6 0 13 1 0
 93 0 3 1 0
 0 0 0 1 0
 21 0 2 0 0
 -80 0 13 0 0
 -64 0 15 1 0
 0 1 0 1 0

 -67 0 6 1 0
 -87 0 3 0 0
 16 0 14 1 0
 117 0 2 1 0
 0 0 0 1 0
 39 0 3 0 0
 19 0 4 0 0
 -33 0 8 0 0
 -62 0 11 0 0
 -6 0 13 1 0
 93 0 3 1 0
 0 0 0 1 0
 21 0 2 0 0
 -80 0 13 0 0
 -64 0 15 1 0
 0 1 0 1 0

 -67 0 6 1 0
 -87 0 3 0 0
 16 0 14 1 0
 117 0 2 1 0
 0 0 0 1 0
 39 0 3 0 0
 19 0 4 0 0
 -33 0 8 0 0
 -62 0 11 0 0
 -6 0 13 1 0
 93 0 3 1 0
 0 0 0 1 0
 21 0 2 0 0
 -80 0 13 0 0
 -64 0 15 1 0
 0 1 0 1 0

 -67 0 6 1 0
 -87 0 3 0 0
 16 0 14 1 0
 117 0 2 1 0
 0 0 0 1 0
 39 0 3 0 0
 19 0 4 0 0
 -33 0 8 0 0
 -62 0 11 0 0
 -6 0 13 1 0
 93 0 3 1 0
 0 0 0 1 0
 21 0 2 0 0
 -80 0 13 0 0
 -64 0 15 1 0
 0 1 0 1 0

 -67 0 6 1 0
 -87 0 3 0 0
 16 0 14 1 0
 117 0 2 1 0
 0 0 0 1 0
 39 0 3 0 0
 19 0 4 0 0
 -33 0 8 0 0
 -62 0 11 0 0
 -6 0 13 1 0
 93 0 3 1 0
 0 0 0 1 0
 21 0 2 0 0
 -80 0 13 0 0
 -64 0 15 1 0
 0 1 0 1 0

 -67 0 6 1 0
 -87 0 3 0 0
 16 0 14 1 0
 117 0 2 1 0
 0 0 0 1 0
 39 0 3 0 0
 19 0 4 0 0
 -33 0 8 0 0
 -62 0 11 0 0
 -6 0 13 1 0
 93 0 3 1 0
 0 0 0 1 0
 21 0 2 0 0
 -80 0 13 0 0
 -64 0 15 1 0
 0 1 0 1 0

 -67 0 6 1 0
 -87 0 3 0 0
 16 0 14 1 0
 117 0 2 1 0
 0 0 0 1 0
 39 0 3 0 0
 19 0 4 0 0
 -33 0 8 0 0
 -62 0 11 0 0
 -6 0 13 1 0
 93 0 3 1 0
 0 0 0 1 0
 21 0 2 0 0
 -80 0 13 0 0
 -64 0 15 1 0
 0 1 0 1 0

 -67 0 6 1 0
 -87 0 3 0 0
 16 0 14 1 0
 117 0 2 1 0
 0 0 0 1 0
 39 0 3 0 0
 19 0 4 0 0
 -33 0 8 0 0
 -62 0 11 0 0
 -6 0 13 1 0
 93 0 3 1 0
 0 0 0 1 0
 21 0 2 0 0
 -80 0 13 0 0
 -64 0 15 1 0
 0 1 0 1 0

 -67 0 6 1 0
 -87 0 3 0 0
 16 0 14 1 0
 117 0 2 1 0
 0 0 0 1 0
 39 0 3 0 0
 19 0 4 0 0
 -33 0 8 0 0
 -62 0 11 0 0
 -6 0 13 1 0
 93 0 3 1 0
 0 0 0 1 0
 21 0 2 0 0
 -80 0 13 0 0
 -64 0 15 1 0
 0 1 0 1 0

 -67 0 6 1 0
 -87 0 3 0 0
 16 0 14 1 0
 117 0 2 1 0
 0 0 0 1 0
 39 0 3 0 0
 19 0 4 0 0
 -33 0 8 0 0
 -62 0 11 0 0
 -6 0 13 1 0
 93 0 3 1 0
 0 0 0 1 0
 21 0 2 0 0
 -80 0 13 0 0
 -64 0 15 1 0
 0 1 0 1 0

 -67 0 6 1 0
 -87 0 3 0 0
 16 0 14 1 0
 117 0 2 1 0
 0 0 0 1 0
 39 0 3 0 0
 19 0 4 0 0
 -33 0 8 0 0
 -62 0 11 0 0
 -6 0 13 1 0
 93 0 3 1 0
 0 0 0 1 0
 21 0 2 0 0
 -80 0 13 0 0
 -64 0 15 1 0
 0 1 0 1 0

 -67 0 6 1 0
 -87 0 3 0 0
 16 0 14 1 0
 117 0 2 1 0
 0 0 0 1 0
 39 0 3 0 0
 19 0 4 0 0
 -33 0 8 0 0
 -62 0 11 0 0
 -6 0 13 1 0
 93 0 3 1 0
 0 0 0 1 0
 21 0 2 0 0
 -80 0 13 0 0
 -64 0 15 1 0
 0 1 0 1 0

 -67 0 6 1 0
 -87 0 3 0 0
 16 0 14 1 0
 117 0 2 1 0
 0 0 0 1 0
 39 0 3 0 0
 19 0 4 0 0
 -33 0 8 0 0
 -62 0 11 0 0
 -6 0 13 1 0
 93 0 3 1 0
 0 0 0 1 0
 21 0 2 0 0
 -80 0 13 0 0
 -64 0 15 1 0
 0 1 0 1 0

 -67 0 6 1 0
 -87 0 3 0 0
 16 0 14 1 0
 117 0 2 1 0
 0 0 0 1 0
 39 0 3 0 0
 19 0 4 0 0
 -33 0 8 0 0
 -62 0 11 0 0
 -6 0 13 1 0
 93 0 3 1 0
 0 0 0 1 0
 21 0 2 0 0
 -80 0 13 0 0
 -64 0 15 1 0
 0 1 0 1 0

 -67 0 6 1 0
 -87 0 3 0 0
 16 0 14 1 0
 117 0 2 1 0
 0 0 0 1 0
 39 0 3 0 0
 19 0 4 0 0
 -33 0 8 0 0
 -62 0 11 0 0
 -6 0 13 1 0
 93 0 3 1 0
 0 0 0 1 0
 21 0 2 0 0
 -80 0 13 0 0
 -64 0 15 1 0
 0 1 0 1 0

 -67 0 6 1 0
 -87 0 3 0 0
 16 0 14 1 0
 117 0 2 1 0
 0 0 0 1 0
 39 0 3 0 0
 19 0 4 0 0
 -33 0 8 0 0
 -62 0 11 0 0
 -6 0 13 1 0
 93 0 3 1 0
 0 0 0 1 0
 21 0 2 0 0
 -80 0 13 0 0
 -64 0 15 1 0
 0 1 0 1 0

 -67 0 6 1 0
 -87 0 3 0 0
 16 0 14 1 0
 117 0 2 1 0
 0 0 0 1 0
 39 0 3 0 0
 19 0 4 0 0
 -33 0 8 0 0
 -62 0 11 0 0
 -6 0 13 1 0
 93 0 3 1 0
 0 0 0 1 0
 21 0 2 0 0
 -80 0 13 0 0
 -64 0 15 1 0
 0 1 0 1 0

 -67 0 6 1 0
 -87 0 3 0 0
 16 0 14 1 0
 117 0 2 1 0
 0 0 0 1 0
 39 0 3 0 0
 19 0 4 0 0
 -33 0 8 0 0
 -62 0 11 0 0
 -6 0 13 1 0
 93 0 3 1 0
 0 0 0 1 0
 21 0 2 0 0
 -80 0 13 0 0
 -64 0 15 1 0
 0 1 0 1 0

 -67 0 6 1 0
 -87 0 3 0 0
 16 0 14 1 0
 117 0 2 1 0
 0 0 0 1 0
 39 0 3 0 0
 19 0 4 0 0
 -33 0 8 0 0
 -62 0 11 0 0
 -6 0 13 1 0
 93 0 3 1 0
 0 0 0 1 0
 21 0 2 0 0
 -80 0 13 0 0
 -64 0 15 1 0
 0 1 0 1 0

 -67 0 6 1 0
 -87 0 3 0 0
 16 0 14 1 0
 117 0 2 1 0
 0 0 0 1 0
 39 0 3 0 0
 19 0 4 0 0
 -33 0 8 0 0
 -62 0 11 0 0
 -6 0 13 1 0
 93 0 3 1 0
 0 0 0 1 0
 21 0 2 0 0
 -80 0 13 0 0
 -64 0 15 1 0
 0 1 0 1 0

 -67 0 6 1 0
 -87 0 3 0 0
 16 0 14 1 0
 117 0 2 1 0
 0 0 0 1 0
 39 0 3 0 0
 19 0 4 0 0
 -33 0 8 0 0
 -62 0 11 0 0
 -6 0 13 1 0
 93 0 3 1 0
 0 0 0 1 0
 21 0 2 0 0
 -80 0 13 0 0
 -64 0 15 1 0
 0 1 0 1 0

 -67 0 6 1 0
 -87 0 3 0 0
 16 0 14 1 0
 117 0 2 1 0
 0 0 0 1 0
 39 0 3 0 0
 19 0 4 0 0
 -33 0 8 0 0
 -62 0 11 0 0
 -6 0 13 1 0
 93 0 3 1 0
 0 0 0 1 0
 21 0 2 0 0
 -80 0 13 0 0
 -64 0 15 1 0
 0 1 0 1 0

 -67 0 6 1 0
 -87 0 3 0 0
 16 0 14 1 0
 117 0 2 1 0
 0 0 0 1 0
 39 0 3 0 0
 19 0 4 0 0
 -33 0 8 0 0
 -62 0 11 0 0
 -6 0 13 1 0
 93 0 3 1 0
 0 0 0 1 0
 21 0 2 0 0
 -80 0 13 0 0
 -64 0 15 1 0
 0 1 0 1 0

 -67 0 6 1 0
 -87 0 3 0 0
 16 0 14 1 0
 117 0 2 1 0
 0 0 0 1 0
 39 0 3 0 0
 19 0 4 0 0
 -33 0 8 0 0
 -62 0 11 0 0
 -6 0 13 1 0
 93 0 3 1 0
 0 0 0 1 0
 21 0 2 0 0
 -80 0 13 0 0
 -64 0 15 1 0
 0 1 0 1 0

 -67 0 6 1 0
 -87 0 3 0 0
 16 0 14 1 0
 117 0 2 1 0
 0 0 0 1 0
 39 0 3 0 0
 19 0 4 0 0
 -33 0 8 0 0
 -62 0 11 0 0
 -6 0 13 1 0
 93 0 3 1 0
 0 0 0 1 0
 21 0 2 0 0
 -80 0 13 0 0
 -64 0 15 1 0
 0 1 0 1 0

 -67 0 6 1 0
 -87 0 3 0 0
 16 0 14 1 0
 117 0 2 1 0
 0 0 0 1 0
 39 0 3 0 0
 19 0 4 0 0
 -33 0 8 0 0
 -62 0 11 0 0
 -6 0 13 1 0
 93 0 3 1 0
 0 0 0 1 0
 21 0 2 0 0
 -80 0 13 0 0
 -64 0 15 1 0
 0 1 0 1 0

 -67 0 6 1 0
 -87 0 3 0 0
 16 0 14 1 0
 117 0 2 1 0
 0 0 0 1 0
 39 0 3 0 0
 19 0 4 0 0
 -33 0 8 0 0
 -62 0 11 0 0
 -6 0 13 1 0
 93 0 3 1 0
 0 0 0 1 0
 21 0 2 0 0
 -80 0 13 0 0
 -64 0 15 1 0
 0 1 0 1 0

 -67 0 6 1 0
 -87 0 3 0 0
 16 0 14 1 0
 117 0 2 1 0
 0 0 0 1 0
 39 0 3 0 0
 19 0 4 0 0
 -33 0 8 0 0
 -62 0 11 0 0
 -6 0 13 1 0
 93 0 3 1 0
 0 0 0 1 0
 21 0 2 0 0
 -80 0 13 0 0
 -64 0 15 1 0
 0 1 0 1 0

 -67 0 6 1 0
 -87 0 3 0 0
 16 0 14 1 0
 117 0 2 1 0
 0 0 0 1 0
 39 0 3 0 0
 19 0 4 0 0
 -33 0 8 0 0
 -62 0 11 0 0
 -6 0 13 1 0
 93 0 3 1 0
 0 0 0 1 0
 21 0 2 0 0
 -80 0 13 0 0
 -64 0 15 1 0
 0 1 0 1 0

 -67 0 6 1 0
 -87 0 3 0 0
 16 0 14 1 0
 117 0 2 1 0
 0 0 0 1 0
 39 0 3 0 0
 19 0 4 0 0
 -33 0 8 0 0
 -62 0 11 0 0
 -6 0 13 1 0
 93 0 3 1 0
 0 0 0 1 0
 21 0 2 0 0
 -80 0 13 0 0
 -64 0 15 1 0
 0 1 0 1 0

 -67 0 6 1 0
 -87 0 3 0 0
 16 0 14 1 0
 117 0 2 1 0
 0 0 0 1 0
 39 0 3 0 0
 19 0 4 0 0
 -33 0 8 0 0
 -62 0 11 0 0
 -6 0 13 1 0
 93 0 3 1 0
 0 0 0 1 0
 21 0 2 0 0
 -80 0 13 0 0
 -64 0 15 1 0
 0 1 0 1 0

 -67 0 6 1 0
 -87 0 3 0 0
 16 0 14 1 0
 117 0 2 1 0
 0 0 0 1 0
 39 0 3 0 0
 19 0 4 0 0
 -33 0 8 0 0
 -62 0 11 0 0
 -6 0 13 1 0
 93 0 3 1 0
 0 0 0 1 0
 21 0 2 0 0
 -80 0 13 0 0
 -64 0 15 1 0
 0 1 0 1 0

 -67 0 6 1 0
 -87 0 3 0 0
 16 0 14 1 0
 117 0 2 1 0
 0 0 0 1 0
 39 0 3 0 0
 19 0 4 0 0
 -33 0 8 0 0
 -62 0 11 0 0
 -6 0 13 1 0
 93 0 3 1 0
 0 0 0 1 0
 21 0 2 0 0
 -80 0 13 0 0
 -64 0 15 1 0
 0 1 0 1 0

 -67 0 6 1 0
 -87 0 3 0 0
 16 0 14 1 0
 117 0 2 1 0
 0 0 0 1 0
 39 0 3 0 0
 19 0 4 0 0
 -33 0 8 0 0
 -62 0 11 0 0
 -6 0 13 1 0
 93 0 3 1 0
 0 0 0 1 0
 21 0 2 0 0
 -80 0 13 0 0
 -64 0 15 1 0
 0 1 0 1 0

 -67 0 6 1 0
 -87 0 3 0 0
 16 0 14 1 0
 117 0 2 1 0
 0 0 0 1 0
 39 0 3 0 0
 19 0 4 0 0
 -33 0 8 0 0
 -62 0 11 0 0
 -6 0 13 1 0
 93 0 3 1 0
 0 0 0 1 0
 21 0 2 0 0
 -80 0 13 0 0
 -64 0 15 1 0
 0 1 0 1 0

 -67 0 6 1 0
 -87 0 3 0 0
 16 0 14 1 0
 117 0 2 1 0
 0 0 0 1 0
 39 0 3 0 0
 19 0 4 0 0
 -33 0 8 0 0
 -62 0 11 0 0
 -6 0 13 1 0
 93 0 3 1 0
 0 0 0 1 0
 21 0 2 0 0
 -80 0 13 0 0
 -64 0 15 1 0
 0 1 0 1 0

