 125 0 10 0 0
 14 0 11 1 0
 -116 0 9 1 0
 43 0 3 1 0
 -10 0 4 0 0
 -91 0 5 1 0
 -85 0 7 0 0
 65 0 10 1 0
 -80 0 4 0 0
 -127 0 7 0 0
 -75 0 11 0 0
 70 0 14 1 0
 -84 0 1 1 0
 -127 0 0 0 0
 89 0 10 1 0
 -68 0 7 0 0
 -83 0 9 0 0
 -65 0 14 0 0
 22 1 15 1 0

 125 0 10 0 0
 14 0 11 1 0
 -116 0 9 1 0
 43 0 3 1 0
 -10 0 4 0 0
 -91 0 5 1 0
 -85 0 7 0 0
 65 0 10 1 0
 -80 0 4 0 0
 -127 0 7 0 0
 -75 0 11 0 0
 70 0 14 1 0
 -84 0 1 1 0
 -127 0 0 0 0
 89 0 10 1 0
 -68 0 7 0 0
 -83 0 9 0 0
 -65 0 14 0 0
 22 1 15 1 0

 125 0 10 0 0
 14 0 11 1 0
 -116 0 9 1 0
 43 0 3 1 0
 -10 0 4 0 0
 -91 0 5 1 0
 -85 0 7 0 0
 65 0 10 1 0
 -80 0 4 0 0
 -127 0 7 0 0
 -75 0 11 0 0
 70 0 14 1 0
 -84 0 1 1 0
 -127 0 0 0 0
 89 0 10 1 0
 -68 0 7 0 0
 -83 0 9 0 0
 -65 0 14 0 0
 22 1 15 1 0

 125 0 10 0 0
 14 0 11 1 0
 -116 0 9 1 0
 43 0 3 1 0
 -10 0 4 0 0
 -91 0 5 1 0
 -85 0 7 0 0
 65 0 10 1 0
 -80 0 4 0 0
 -127 0 7 0 0
 -75 0 11 0 0
 70 0 14 1 0
 -84 0 1 1 0
 -127 0 0 0 0
 89 0 10 1 0
 -68 0 7 0 0
 -83 0 9 0 0
 -65 0 14 0 0
 22 1 15 1 0

 125 0 10 0 0
 14 0 11 1 0
 -116 0 9 1 0
 43 0 3 1 0
 -10 0 4 0 0
 -91 0 5 1 0
 -85 0 7 0 0
 65 0 10 1 0
 -80 0 4 0 0
 -127 0 7 0 0
 -75 0 11 0 0
 70 0 14 1 0
 -84 0 1 1 0
 -127 0 0 0 0
 89 0 10 1 0
 -68 0 7 0 0
 -83 0 9 0 0
 -65 0 14 0 0
 22 1 15 1 0

 125 0 10 0 0
 14 0 11 1 0
 -116 0 9 1 0
 43 0 3 1 0
 -10 0 4 0 0
 -91 0 5 1 0
 -85 0 7 0 0
 65 0 10 1 0
 -80 0 4 0 0
 -127 0 7 0 0
 -75 0 11 0 0
 70 0 14 1 0
 -84 0 1 1 0
 -127 0 0 0 0
 89 0 10 1 0
 -68 0 7 0 0
 -83 0 9 0 0
 -65 0 14 0 0
 22 1 15 1 0

 125 0 10 0 0
 14 0 11 1 0
 -116 0 9 1 0
 43 0 3 1 0
 -10 0 4 0 0
 -91 0 5 1 0
 -85 0 7 0 0
 65 0 10 1 0
 -80 0 4 0 0
 -127 0 7 0 0
 -75 0 11 0 0
 70 0 14 1 0
 -84 0 1 1 0
 -127 0 0 0 0
 89 0 10 1 0
 -68 0 7 0 0
 -83 0 9 0 0
 -65 0 14 0 0
 22 1 15 1 0

 125 0 10 0 0
 14 0 11 1 0
 -116 0 9 1 0
 43 0 3 1 0
 -10 0 4 0 0
 -91 0 5 1 0
 -85 0 7 0 0
 65 0 10 1 0
 -80 0 4 0 0
 -127 0 7 0 0
 -75 0 11 0 0
 70 0 14 1 0
 -84 0 1 1 0
 -127 0 0 0 0
 89 0 10 1 0
 -68 0 7 0 0
 -83 0 9 0 0
 -65 0 14 0 0
 22 1 15 1 0

 125 0 10 0 0
 14 0 11 1 0
 -116 0 9 1 0
 43 0 3 1 0
 -10 0 4 0 0
 -91 0 5 1 0
 -85 0 7 0 0
 65 0 10 1 0
 -80 0 4 0 0
 -127 0 7 0 0
 -75 0 11 0 0
 70 0 14 1 0
 -84 0 1 1 0
 -127 0 0 0 0
 89 0 10 1 0
 -68 0 7 0 0
 -83 0 9 0 0
 -65 0 14 0 0
 22 1 15 1 0

 125 0 10 0 0
 14 0 11 1 0
 -116 0 9 1 0
 43 0 3 1 0
 -10 0 4 0 0
 -91 0 5 1 0
 -85 0 7 0 0
 65 0 10 1 0
 -80 0 4 0 0
 -127 0 7 0 0
 -75 0 11 0 0
 70 0 14 1 0
 -84 0 1 1 0
 -127 0 0 0 0
 89 0 10 1 0
 -68 0 7 0 0
 -83 0 9 0 0
 -65 0 14 0 0
 22 1 15 1 0

 125 0 10 0 0
 14 0 11 1 0
 -116 0 9 1 0
 43 0 3 1 0
 -10 0 4 0 0
 -91 0 5 1 0
 -85 0 7 0 0
 65 0 10 1 0
 -80 0 4 0 0
 -127 0 7 0 0
 -75 0 11 0 0
 70 0 14 1 0
 -84 0 1 1 0
 -127 0 0 0 0
 89 0 10 1 0
 -68 0 7 0 0
 -83 0 9 0 0
 -65 0 14 0 0
 22 1 15 1 0

 125 0 10 0 0
 14 0 11 1 0
 -116 0 9 1 0
 43 0 3 1 0
 -10 0 4 0 0
 -91 0 5 1 0
 -85 0 7 0 0
 65 0 10 1 0
 -80 0 4 0 0
 -127 0 7 0 0
 -75 0 11 0 0
 70 0 14 1 0
 -84 0 1 1 0
 -127 0 0 0 0
 89 0 10 1 0
 -68 0 7 0 0
 -83 0 9 0 0
 -65 0 14 0 0
 22 1 15 1 0

 125 0 10 0 0
 14 0 11 1 0
 -116 0 9 1 0
 43 0 3 1 0
 -10 0 4 0 0
 -91 0 5 1 0
 -85 0 7 0 0
 65 0 10 1 0
 -80 0 4 0 0
 -127 0 7 0 0
 -75 0 11 0 0
 70 0 14 1 0
 -84 0 1 1 0
 -127 0 0 0 0
 89 0 10 1 0
 -68 0 7 0 0
 -83 0 9 0 0
 -65 0 14 0 0
 22 1 15 1 0

 125 0 10 0 0
 14 0 11 1 0
 -116 0 9 1 0
 43 0 3 1 0
 -10 0 4 0 0
 -91 0 5 1 0
 -85 0 7 0 0
 65 0 10 1 0
 -80 0 4 0 0
 -127 0 7 0 0
 -75 0 11 0 0
 70 0 14 1 0
 -84 0 1 1 0
 -127 0 0 0 0
 89 0 10 1 0
 -68 0 7 0 0
 -83 0 9 0 0
 -65 0 14 0 0
 22 1 15 1 0

 125 0 10 0 0
 14 0 11 1 0
 -116 0 9 1 0
 43 0 3 1 0
 -10 0 4 0 0
 -91 0 5 1 0
 -85 0 7 0 0
 65 0 10 1 0
 -80 0 4 0 0
 -127 0 7 0 0
 -75 0 11 0 0
 70 0 14 1 0
 -84 0 1 1 0
 -127 0 0 0 0
 89 0 10 1 0
 -68 0 7 0 0
 -83 0 9 0 0
 -65 0 14 0 0
 22 1 15 1 0

 125 0 10 0 0
 14 0 11 1 0
 -116 0 9 1 0
 43 0 3 1 0
 -10 0 4 0 0
 -91 0 5 1 0
 -85 0 7 0 0
 65 0 10 1 0
 -80 0 4 0 0
 -127 0 7 0 0
 -75 0 11 0 0
 70 0 14 1 0
 -84 0 1 1 0
 -127 0 0 0 0
 89 0 10 1 0
 -68 0 7 0 0
 -83 0 9 0 0
 -65 0 14 0 0
 22 1 15 1 0

 125 0 10 0 0
 14 0 11 1 0
 -116 0 9 1 0
 43 0 3 1 0
 -10 0 4 0 0
 -91 0 5 1 0
 -85 0 7 0 0
 65 0 10 1 0
 -80 0 4 0 0
 -127 0 7 0 0
 -75 0 11 0 0
 70 0 14 1 0
 -84 0 1 1 0
 -127 0 0 0 0
 89 0 10 1 0
 -68 0 7 0 0
 -83 0 9 0 0
 -65 0 14 0 0
 22 1 15 1 0

 125 0 10 0 0
 14 0 11 1 0
 -116 0 9 1 0
 43 0 3 1 0
 -10 0 4 0 0
 -91 0 5 1 0
 -85 0 7 0 0
 65 0 10 1 0
 -80 0 4 0 0
 -127 0 7 0 0
 -75 0 11 0 0
 70 0 14 1 0
 -84 0 1 1 0
 -127 0 0 0 0
 89 0 10 1 0
 -68 0 7 0 0
 -83 0 9 0 0
 -65 0 14 0 0
 22 1 15 1 0

 125 0 10 0 0
 14 0 11 1 0
 -116 0 9 1 0
 43 0 3 1 0
 -10 0 4 0 0
 -91 0 5 1 0
 -85 0 7 0 0
 65 0 10 1 0
 -80 0 4 0 0
 -127 0 7 0 0
 -75 0 11 0 0
 70 0 14 1 0
 -84 0 1 1 0
 -127 0 0 0 0
 89 0 10 1 0
 -68 0 7 0 0
 -83 0 9 0 0
 -65 0 14 0 0
 22 1 15 1 0

 125 0 10 0 0
 14 0 11 1 0
 -116 0 9 1 0
 43 0 3 1 0
 -10 0 4 0 0
 -91 0 5 1 0
 -85 0 7 0 0
 65 0 10 1 0
 -80 0 4 0 0
 -127 0 7 0 0
 -75 0 11 0 0
 70 0 14 1 0
 -84 0 1 1 0
 -127 0 0 0 0
 89 0 10 1 0
 -68 0 7 0 0
 -83 0 9 0 0
 -65 0 14 0 0
 22 1 15 1 0

 125 0 10 0 0
 14 0 11 1 0
 -116 0 9 1 0
 43 0 3 1 0
 -10 0 4 0 0
 -91 0 5 1 0
 -85 0 7 0 0
 65 0 10 1 0
 -80 0 4 0 0
 -127 0 7 0 0
 -75 0 11 0 0
 70 0 14 1 0
 -84 0 1 1 0
 -127 0 0 0 0
 89 0 10 1 0
 -68 0 7 0 0
 -83 0 9 0 0
 -65 0 14 0 0
 22 1 15 1 0

 125 0 10 0 0
 14 0 11 1 0
 -116 0 9 1 0
 43 0 3 1 0
 -10 0 4 0 0
 -91 0 5 1 0
 -85 0 7 0 0
 65 0 10 1 0
 -80 0 4 0 0
 -127 0 7 0 0
 -75 0 11 0 0
 70 0 14 1 0
 -84 0 1 1 0
 -127 0 0 0 0
 89 0 10 1 0
 -68 0 7 0 0
 -83 0 9 0 0
 -65 0 14 0 0
 22 1 15 1 0

 125 0 10 0 0
 14 0 11 1 0
 -116 0 9 1 0
 43 0 3 1 0
 -10 0 4 0 0
 -91 0 5 1 0
 -85 0 7 0 0
 65 0 10 1 0
 -80 0 4 0 0
 -127 0 7 0 0
 -75 0 11 0 0
 70 0 14 1 0
 -84 0 1 1 0
 -127 0 0 0 0
 89 0 10 1 0
 -68 0 7 0 0
 -83 0 9 0 0
 -65 0 14 0 0
 22 1 15 1 0

 125 0 10 0 0
 14 0 11 1 0
 -116 0 9 1 0
 43 0 3 1 0
 -10 0 4 0 0
 -91 0 5 1 0
 -85 0 7 0 0
 65 0 10 1 0
 -80 0 4 0 0
 -127 0 7 0 0
 -75 0 11 0 0
 70 0 14 1 0
 -84 0 1 1 0
 -127 0 0 0 0
 89 0 10 1 0
 -68 0 7 0 0
 -83 0 9 0 0
 -65 0 14 0 0
 22 1 15 1 0

 125 0 10 0 0
 14 0 11 1 0
 -116 0 9 1 0
 43 0 3 1 0
 -10 0 4 0 0
 -91 0 5 1 0
 -85 0 7 0 0
 65 0 10 1 0
 -80 0 4 0 0
 -127 0 7 0 0
 -75 0 11 0 0
 70 0 14 1 0
 -84 0 1 1 0
 -127 0 0 0 0
 89 0 10 1 0
 -68 0 7 0 0
 -83 0 9 0 0
 -65 0 14 0 0
 22 1 15 1 0

 125 0 10 0 0
 14 0 11 1 0
 -116 0 9 1 0
 43 0 3 1 0
 -10 0 4 0 0
 -91 0 5 1 0
 -85 0 7 0 0
 65 0 10 1 0
 -80 0 4 0 0
 -127 0 7 0 0
 -75 0 11 0 0
 70 0 14 1 0
 -84 0 1 1 0
 -127 0 0 0 0
 89 0 10 1 0
 -68 0 7 0 0
 -83 0 9 0 0
 -65 0 14 0 0
 22 1 15 1 0

 125 0 10 0 0
 14 0 11 1 0
 -116 0 9 1 0
 43 0 3 1 0
 -10 0 4 0 0
 -91 0 5 1 0
 -85 0 7 0 0
 65 0 10 1 0
 -80 0 4 0 0
 -127 0 7 0 0
 -75 0 11 0 0
 70 0 14 1 0
 -84 0 1 1 0
 -127 0 0 0 0
 89 0 10 1 0
 -68 0 7 0 0
 -83 0 9 0 0
 -65 0 14 0 0
 22 1 15 1 0

 125 0 10 0 0
 14 0 11 1 0
 -116 0 9 1 0
 43 0 3 1 0
 -10 0 4 0 0
 -91 0 5 1 0
 -85 0 7 0 0
 65 0 10 1 0
 -80 0 4 0 0
 -127 0 7 0 0
 -75 0 11 0 0
 70 0 14 1 0
 -84 0 1 1 0
 -127 0 0 0 0
 89 0 10 1 0
 -68 0 7 0 0
 -83 0 9 0 0
 -65 0 14 0 0
 22 1 15 1 0

 125 0 10 0 0
 14 0 11 1 0
 -116 0 9 1 0
 43 0 3 1 0
 -10 0 4 0 0
 -91 0 5 1 0
 -85 0 7 0 0
 65 0 10 1 0
 -80 0 4 0 0
 -127 0 7 0 0
 -75 0 11 0 0
 70 0 14 1 0
 -84 0 1 1 0
 -127 0 0 0 0
 89 0 10 1 0
 -68 0 7 0 0
 -83 0 9 0 0
 -65 0 14 0 0
 22 1 15 1 0

 125 0 10 0 0
 14 0 11 1 0
 -116 0 9 1 0
 43 0 3 1 0
 -10 0 4 0 0
 -91 0 5 1 0
 -85 0 7 0 0
 65 0 10 1 0
 -80 0 4 0 0
 -127 0 7 0 0
 -75 0 11 0 0
 70 0 14 1 0
 -84 0 1 1 0
 -127 0 0 0 0
 89 0 10 1 0
 -68 0 7 0 0
 -83 0 9 0 0
 -65 0 14 0 0
 22 1 15 1 0

 125 0 10 0 0
 14 0 11 1 0
 -116 0 9 1 0
 43 0 3 1 0
 -10 0 4 0 0
 -91 0 5 1 0
 -85 0 7 0 0
 65 0 10 1 0
 -80 0 4 0 0
 -127 0 7 0 0
 -75 0 11 0 0
 70 0 14 1 0
 -84 0 1 1 0
 -127 0 0 0 0
 89 0 10 1 0
 -68 0 7 0 0
 -83 0 9 0 0
 -65 0 14 0 0
 22 1 15 1 0

 125 0 10 0 0
 14 0 11 1 0
 -116 0 9 1 0
 43 0 3 1 0
 -10 0 4 0 0
 -91 0 5 1 0
 -85 0 7 0 0
 65 0 10 1 0
 -80 0 4 0 0
 -127 0 7 0 0
 -75 0 11 0 0
 70 0 14 1 0
 -84 0 1 1 0
 -127 0 0 0 0
 89 0 10 1 0
 -68 0 7 0 0
 -83 0 9 0 0
 -65 0 14 0 0
 22 1 15 1 0

 125 0 10 0 0
 14 0 11 1 0
 -116 0 9 1 0
 43 0 3 1 0
 -10 0 4 0 0
 -91 0 5 1 0
 -85 0 7 0 0
 65 0 10 1 0
 -80 0 4 0 0
 -127 0 7 0 0
 -75 0 11 0 0
 70 0 14 1 0
 -84 0 1 1 0
 -127 0 0 0 0
 89 0 10 1 0
 -68 0 7 0 0
 -83 0 9 0 0
 -65 0 14 0 0
 22 1 15 1 0

 125 0 10 0 0
 14 0 11 1 0
 -116 0 9 1 0
 43 0 3 1 0
 -10 0 4 0 0
 -91 0 5 1 0
 -85 0 7 0 0
 65 0 10 1 0
 -80 0 4 0 0
 -127 0 7 0 0
 -75 0 11 0 0
 70 0 14 1 0
 -84 0 1 1 0
 -127 0 0 0 0
 89 0 10 1 0
 -68 0 7 0 0
 -83 0 9 0 0
 -65 0 14 0 0
 22 1 15 1 0

 125 0 10 0 0
 14 0 11 1 0
 -116 0 9 1 0
 43 0 3 1 0
 -10 0 4 0 0
 -91 0 5 1 0
 -85 0 7 0 0
 65 0 10 1 0
 -80 0 4 0 0
 -127 0 7 0 0
 -75 0 11 0 0
 70 0 14 1 0
 -84 0 1 1 0
 -127 0 0 0 0
 89 0 10 1 0
 -68 0 7 0 0
 -83 0 9 0 0
 -65 0 14 0 0
 22 1 15 1 0

 125 0 10 0 0
 14 0 11 1 0
 -116 0 9 1 0
 43 0 3 1 0
 -10 0 4 0 0
 -91 0 5 1 0
 -85 0 7 0 0
 65 0 10 1 0
 -80 0 4 0 0
 -127 0 7 0 0
 -75 0 11 0 0
 70 0 14 1 0
 -84 0 1 1 0
 -127 0 0 0 0
 89 0 10 1 0
 -68 0 7 0 0
 -83 0 9 0 0
 -65 0 14 0 0
 22 1 15 1 0

