 -126 0 10 0 0
 -15 0 12 0 0
 15 0 15 1 0
 113 0 8 0 0
 125 0 13 1 0
 99 0 0 0 0
 -47 0 3 0 0
 105 0 5 0 0
 -89 0 13 1 0
 97 0 0 0 0
 113 0 5 0 0
 -6 0 11 0 0
 -90 0 13 1 0
 -117 0 9 0 0
 -42 0 14 1 0
 65 0 11 1 0
 21 0 11 1 0
 -65 0 13 0 0
 -19 0 15 1 0
 96 1 6 1 0

 -126 0 10 0 0
 -15 0 12 0 0
 15 0 15 1 0
 113 0 8 0 0
 125 0 13 1 0
 99 0 0 0 0
 -47 0 3 0 0
 105 0 5 0 0
 -89 0 13 1 0
 97 0 0 0 0
 113 0 5 0 0
 -6 0 11 0 0
 -90 0 13 1 0
 -117 0 9 0 0
 -42 0 14 1 0
 65 0 11 1 0
 21 0 11 1 0
 -65 0 13 0 0
 -19 0 15 1 0
 96 1 6 1 0

 -126 0 10 0 0
 -15 0 12 0 0
 15 0 15 1 0
 113 0 8 0 0
 125 0 13 1 0
 99 0 0 0 0
 -47 0 3 0 0
 105 0 5 0 0
 -89 0 13 1 0
 97 0 0 0 0
 113 0 5 0 0
 -6 0 11 0 0
 -90 0 13 1 0
 -117 0 9 0 0
 -42 0 14 1 0
 65 0 11 1 0
 21 0 11 1 0
 -65 0 13 0 0
 -19 0 15 1 0
 96 1 6 1 0

 -126 0 10 0 0
 -15 0 12 0 0
 15 0 15 1 0
 113 0 8 0 0
 125 0 13 1 0
 99 0 0 0 0
 -47 0 3 0 0
 105 0 5 0 0
 -89 0 13 1 0
 97 0 0 0 0
 113 0 5 0 0
 -6 0 11 0 0
 -90 0 13 1 0
 -117 0 9 0 0
 -42 0 14 1 0
 65 0 11 1 0
 21 0 11 1 0
 -65 0 13 0 0
 -19 0 15 1 0
 96 1 6 1 0

 -126 0 10 0 0
 -15 0 12 0 0
 15 0 15 1 0
 113 0 8 0 0
 125 0 13 1 0
 99 0 0 0 0
 -47 0 3 0 0
 105 0 5 0 0
 -89 0 13 1 0
 97 0 0 0 0
 113 0 5 0 0
 -6 0 11 0 0
 -90 0 13 1 0
 -117 0 9 0 0
 -42 0 14 1 0
 65 0 11 1 0
 21 0 11 1 0
 -65 0 13 0 0
 -19 0 15 1 0
 96 1 6 1 0

 -126 0 10 0 0
 -15 0 12 0 0
 15 0 15 1 0
 113 0 8 0 0
 125 0 13 1 0
 99 0 0 0 0
 -47 0 3 0 0
 105 0 5 0 0
 -89 0 13 1 0
 97 0 0 0 0
 113 0 5 0 0
 -6 0 11 0 0
 -90 0 13 1 0
 -117 0 9 0 0
 -42 0 14 1 0
 65 0 11 1 0
 21 0 11 1 0
 -65 0 13 0 0
 -19 0 15 1 0
 96 1 6 1 0

 -126 0 10 0 0
 -15 0 12 0 0
 15 0 15 1 0
 113 0 8 0 0
 125 0 13 1 0
 99 0 0 0 0
 -47 0 3 0 0
 105 0 5 0 0
 -89 0 13 1 0
 97 0 0 0 0
 113 0 5 0 0
 -6 0 11 0 0
 -90 0 13 1 0
 -117 0 9 0 0
 -42 0 14 1 0
 65 0 11 1 0
 21 0 11 1 0
 -65 0 13 0 0
 -19 0 15 1 0
 96 1 6 1 0

 -126 0 10 0 0
 -15 0 12 0 0
 15 0 15 1 0
 113 0 8 0 0
 125 0 13 1 0
 99 0 0 0 0
 -47 0 3 0 0
 105 0 5 0 0
 -89 0 13 1 0
 97 0 0 0 0
 113 0 5 0 0
 -6 0 11 0 0
 -90 0 13 1 0
 -117 0 9 0 0
 -42 0 14 1 0
 65 0 11 1 0
 21 0 11 1 0
 -65 0 13 0 0
 -19 0 15 1 0
 96 1 6 1 0

 -126 0 10 0 0
 -15 0 12 0 0
 15 0 15 1 0
 113 0 8 0 0
 125 0 13 1 0
 99 0 0 0 0
 -47 0 3 0 0
 105 0 5 0 0
 -89 0 13 1 0
 97 0 0 0 0
 113 0 5 0 0
 -6 0 11 0 0
 -90 0 13 1 0
 -117 0 9 0 0
 -42 0 14 1 0
 65 0 11 1 0
 21 0 11 1 0
 -65 0 13 0 0
 -19 0 15 1 0
 96 1 6 1 0

 -126 0 10 0 0
 -15 0 12 0 0
 15 0 15 1 0
 113 0 8 0 0
 125 0 13 1 0
 99 0 0 0 0
 -47 0 3 0 0
 105 0 5 0 0
 -89 0 13 1 0
 97 0 0 0 0
 113 0 5 0 0
 -6 0 11 0 0
 -90 0 13 1 0
 -117 0 9 0 0
 -42 0 14 1 0
 65 0 11 1 0
 21 0 11 1 0
 -65 0 13 0 0
 -19 0 15 1 0
 96 1 6 1 0

 -126 0 10 0 0
 -15 0 12 0 0
 15 0 15 1 0
 113 0 8 0 0
 125 0 13 1 0
 99 0 0 0 0
 -47 0 3 0 0
 105 0 5 0 0
 -89 0 13 1 0
 97 0 0 0 0
 113 0 5 0 0
 -6 0 11 0 0
 -90 0 13 1 0
 -117 0 9 0 0
 -42 0 14 1 0
 65 0 11 1 0
 21 0 11 1 0
 -65 0 13 0 0
 -19 0 15 1 0
 96 1 6 1 0

 -126 0 10 0 0
 -15 0 12 0 0
 15 0 15 1 0
 113 0 8 0 0
 125 0 13 1 0
 99 0 0 0 0
 -47 0 3 0 0
 105 0 5 0 0
 -89 0 13 1 0
 97 0 0 0 0
 113 0 5 0 0
 -6 0 11 0 0
 -90 0 13 1 0
 -117 0 9 0 0
 -42 0 14 1 0
 65 0 11 1 0
 21 0 11 1 0
 -65 0 13 0 0
 -19 0 15 1 0
 96 1 6 1 0

 -126 0 10 0 0
 -15 0 12 0 0
 15 0 15 1 0
 113 0 8 0 0
 125 0 13 1 0
 99 0 0 0 0
 -47 0 3 0 0
 105 0 5 0 0
 -89 0 13 1 0
 97 0 0 0 0
 113 0 5 0 0
 -6 0 11 0 0
 -90 0 13 1 0
 -117 0 9 0 0
 -42 0 14 1 0
 65 0 11 1 0
 21 0 11 1 0
 -65 0 13 0 0
 -19 0 15 1 0
 96 1 6 1 0

 -126 0 10 0 0
 -15 0 12 0 0
 15 0 15 1 0
 113 0 8 0 0
 125 0 13 1 0
 99 0 0 0 0
 -47 0 3 0 0
 105 0 5 0 0
 -89 0 13 1 0
 97 0 0 0 0
 113 0 5 0 0
 -6 0 11 0 0
 -90 0 13 1 0
 -117 0 9 0 0
 -42 0 14 1 0
 65 0 11 1 0
 21 0 11 1 0
 -65 0 13 0 0
 -19 0 15 1 0
 96 1 6 1 0

 -126 0 10 0 0
 -15 0 12 0 0
 15 0 15 1 0
 113 0 8 0 0
 125 0 13 1 0
 99 0 0 0 0
 -47 0 3 0 0
 105 0 5 0 0
 -89 0 13 1 0
 97 0 0 0 0
 113 0 5 0 0
 -6 0 11 0 0
 -90 0 13 1 0
 -117 0 9 0 0
 -42 0 14 1 0
 65 0 11 1 0
 21 0 11 1 0
 -65 0 13 0 0
 -19 0 15 1 0
 96 1 6 1 0

 -126 0 10 0 0
 -15 0 12 0 0
 15 0 15 1 0
 113 0 8 0 0
 125 0 13 1 0
 99 0 0 0 0
 -47 0 3 0 0
 105 0 5 0 0
 -89 0 13 1 0
 97 0 0 0 0
 113 0 5 0 0
 -6 0 11 0 0
 -90 0 13 1 0
 -117 0 9 0 0
 -42 0 14 1 0
 65 0 11 1 0
 21 0 11 1 0
 -65 0 13 0 0
 -19 0 15 1 0
 96 1 6 1 0

 -126 0 10 0 0
 -15 0 12 0 0
 15 0 15 1 0
 113 0 8 0 0
 125 0 13 1 0
 99 0 0 0 0
 -47 0 3 0 0
 105 0 5 0 0
 -89 0 13 1 0
 97 0 0 0 0
 113 0 5 0 0
 -6 0 11 0 0
 -90 0 13 1 0
 -117 0 9 0 0
 -42 0 14 1 0
 65 0 11 1 0
 21 0 11 1 0
 -65 0 13 0 0
 -19 0 15 1 0
 96 1 6 1 0

 -126 0 10 0 0
 -15 0 12 0 0
 15 0 15 1 0
 113 0 8 0 0
 125 0 13 1 0
 99 0 0 0 0
 -47 0 3 0 0
 105 0 5 0 0
 -89 0 13 1 0
 97 0 0 0 0
 113 0 5 0 0
 -6 0 11 0 0
 -90 0 13 1 0
 -117 0 9 0 0
 -42 0 14 1 0
 65 0 11 1 0
 21 0 11 1 0
 -65 0 13 0 0
 -19 0 15 1 0
 96 1 6 1 0

 -126 0 10 0 0
 -15 0 12 0 0
 15 0 15 1 0
 113 0 8 0 0
 125 0 13 1 0
 99 0 0 0 0
 -47 0 3 0 0
 105 0 5 0 0
 -89 0 13 1 0
 97 0 0 0 0
 113 0 5 0 0
 -6 0 11 0 0
 -90 0 13 1 0
 -117 0 9 0 0
 -42 0 14 1 0
 65 0 11 1 0
 21 0 11 1 0
 -65 0 13 0 0
 -19 0 15 1 0
 96 1 6 1 0

 -126 0 10 0 0
 -15 0 12 0 0
 15 0 15 1 0
 113 0 8 0 0
 125 0 13 1 0
 99 0 0 0 0
 -47 0 3 0 0
 105 0 5 0 0
 -89 0 13 1 0
 97 0 0 0 0
 113 0 5 0 0
 -6 0 11 0 0
 -90 0 13 1 0
 -117 0 9 0 0
 -42 0 14 1 0
 65 0 11 1 0
 21 0 11 1 0
 -65 0 13 0 0
 -19 0 15 1 0
 96 1 6 1 0

 -126 0 10 0 0
 -15 0 12 0 0
 15 0 15 1 0
 113 0 8 0 0
 125 0 13 1 0
 99 0 0 0 0
 -47 0 3 0 0
 105 0 5 0 0
 -89 0 13 1 0
 97 0 0 0 0
 113 0 5 0 0
 -6 0 11 0 0
 -90 0 13 1 0
 -117 0 9 0 0
 -42 0 14 1 0
 65 0 11 1 0
 21 0 11 1 0
 -65 0 13 0 0
 -19 0 15 1 0
 96 1 6 1 0

 -126 0 10 0 0
 -15 0 12 0 0
 15 0 15 1 0
 113 0 8 0 0
 125 0 13 1 0
 99 0 0 0 0
 -47 0 3 0 0
 105 0 5 0 0
 -89 0 13 1 0
 97 0 0 0 0
 113 0 5 0 0
 -6 0 11 0 0
 -90 0 13 1 0
 -117 0 9 0 0
 -42 0 14 1 0
 65 0 11 1 0
 21 0 11 1 0
 -65 0 13 0 0
 -19 0 15 1 0
 96 1 6 1 0

 -126 0 10 0 0
 -15 0 12 0 0
 15 0 15 1 0
 113 0 8 0 0
 125 0 13 1 0
 99 0 0 0 0
 -47 0 3 0 0
 105 0 5 0 0
 -89 0 13 1 0
 97 0 0 0 0
 113 0 5 0 0
 -6 0 11 0 0
 -90 0 13 1 0
 -117 0 9 0 0
 -42 0 14 1 0
 65 0 11 1 0
 21 0 11 1 0
 -65 0 13 0 0
 -19 0 15 1 0
 96 1 6 1 0

 -126 0 10 0 0
 -15 0 12 0 0
 15 0 15 1 0
 113 0 8 0 0
 125 0 13 1 0
 99 0 0 0 0
 -47 0 3 0 0
 105 0 5 0 0
 -89 0 13 1 0
 97 0 0 0 0
 113 0 5 0 0
 -6 0 11 0 0
 -90 0 13 1 0
 -117 0 9 0 0
 -42 0 14 1 0
 65 0 11 1 0
 21 0 11 1 0
 -65 0 13 0 0
 -19 0 15 1 0
 96 1 6 1 0

 -126 0 10 0 0
 -15 0 12 0 0
 15 0 15 1 0
 113 0 8 0 0
 125 0 13 1 0
 99 0 0 0 0
 -47 0 3 0 0
 105 0 5 0 0
 -89 0 13 1 0
 97 0 0 0 0
 113 0 5 0 0
 -6 0 11 0 0
 -90 0 13 1 0
 -117 0 9 0 0
 -42 0 14 1 0
 65 0 11 1 0
 21 0 11 1 0
 -65 0 13 0 0
 -19 0 15 1 0
 96 1 6 1 0

 -126 0 10 0 0
 -15 0 12 0 0
 15 0 15 1 0
 113 0 8 0 0
 125 0 13 1 0
 99 0 0 0 0
 -47 0 3 0 0
 105 0 5 0 0
 -89 0 13 1 0
 97 0 0 0 0
 113 0 5 0 0
 -6 0 11 0 0
 -90 0 13 1 0
 -117 0 9 0 0
 -42 0 14 1 0
 65 0 11 1 0
 21 0 11 1 0
 -65 0 13 0 0
 -19 0 15 1 0
 96 1 6 1 0

 -126 0 10 0 0
 -15 0 12 0 0
 15 0 15 1 0
 113 0 8 0 0
 125 0 13 1 0
 99 0 0 0 0
 -47 0 3 0 0
 105 0 5 0 0
 -89 0 13 1 0
 97 0 0 0 0
 113 0 5 0 0
 -6 0 11 0 0
 -90 0 13 1 0
 -117 0 9 0 0
 -42 0 14 1 0
 65 0 11 1 0
 21 0 11 1 0
 -65 0 13 0 0
 -19 0 15 1 0
 96 1 6 1 0

 -126 0 10 0 0
 -15 0 12 0 0
 15 0 15 1 0
 113 0 8 0 0
 125 0 13 1 0
 99 0 0 0 0
 -47 0 3 0 0
 105 0 5 0 0
 -89 0 13 1 0
 97 0 0 0 0
 113 0 5 0 0
 -6 0 11 0 0
 -90 0 13 1 0
 -117 0 9 0 0
 -42 0 14 1 0
 65 0 11 1 0
 21 0 11 1 0
 -65 0 13 0 0
 -19 0 15 1 0
 96 1 6 1 0

 -126 0 10 0 0
 -15 0 12 0 0
 15 0 15 1 0
 113 0 8 0 0
 125 0 13 1 0
 99 0 0 0 0
 -47 0 3 0 0
 105 0 5 0 0
 -89 0 13 1 0
 97 0 0 0 0
 113 0 5 0 0
 -6 0 11 0 0
 -90 0 13 1 0
 -117 0 9 0 0
 -42 0 14 1 0
 65 0 11 1 0
 21 0 11 1 0
 -65 0 13 0 0
 -19 0 15 1 0
 96 1 6 1 0

 -126 0 10 0 0
 -15 0 12 0 0
 15 0 15 1 0
 113 0 8 0 0
 125 0 13 1 0
 99 0 0 0 0
 -47 0 3 0 0
 105 0 5 0 0
 -89 0 13 1 0
 97 0 0 0 0
 113 0 5 0 0
 -6 0 11 0 0
 -90 0 13 1 0
 -117 0 9 0 0
 -42 0 14 1 0
 65 0 11 1 0
 21 0 11 1 0
 -65 0 13 0 0
 -19 0 15 1 0
 96 1 6 1 0

 -126 0 10 0 0
 -15 0 12 0 0
 15 0 15 1 0
 113 0 8 0 0
 125 0 13 1 0
 99 0 0 0 0
 -47 0 3 0 0
 105 0 5 0 0
 -89 0 13 1 0
 97 0 0 0 0
 113 0 5 0 0
 -6 0 11 0 0
 -90 0 13 1 0
 -117 0 9 0 0
 -42 0 14 1 0
 65 0 11 1 0
 21 0 11 1 0
 -65 0 13 0 0
 -19 0 15 1 0
 96 1 6 1 0

 -126 0 10 0 0
 -15 0 12 0 0
 15 0 15 1 0
 113 0 8 0 0
 125 0 13 1 0
 99 0 0 0 0
 -47 0 3 0 0
 105 0 5 0 0
 -89 0 13 1 0
 97 0 0 0 0
 113 0 5 0 0
 -6 0 11 0 0
 -90 0 13 1 0
 -117 0 9 0 0
 -42 0 14 1 0
 65 0 11 1 0
 21 0 11 1 0
 -65 0 13 0 0
 -19 0 15 1 0
 96 1 6 1 0

 -126 0 10 0 0
 -15 0 12 0 0
 15 0 15 1 0
 113 0 8 0 0
 125 0 13 1 0
 99 0 0 0 0
 -47 0 3 0 0
 105 0 5 0 0
 -89 0 13 1 0
 97 0 0 0 0
 113 0 5 0 0
 -6 0 11 0 0
 -90 0 13 1 0
 -117 0 9 0 0
 -42 0 14 1 0
 65 0 11 1 0
 21 0 11 1 0
 -65 0 13 0 0
 -19 0 15 1 0
 96 1 6 1 0

 -126 0 10 0 0
 -15 0 12 0 0
 15 0 15 1 0
 113 0 8 0 0
 125 0 13 1 0
 99 0 0 0 0
 -47 0 3 0 0
 105 0 5 0 0
 -89 0 13 1 0
 97 0 0 0 0
 113 0 5 0 0
 -6 0 11 0 0
 -90 0 13 1 0
 -117 0 9 0 0
 -42 0 14 1 0
 65 0 11 1 0
 21 0 11 1 0
 -65 0 13 0 0
 -19 0 15 1 0
 96 1 6 1 0

 -126 0 10 0 0
 -15 0 12 0 0
 15 0 15 1 0
 113 0 8 0 0
 125 0 13 1 0
 99 0 0 0 0
 -47 0 3 0 0
 105 0 5 0 0
 -89 0 13 1 0
 97 0 0 0 0
 113 0 5 0 0
 -6 0 11 0 0
 -90 0 13 1 0
 -117 0 9 0 0
 -42 0 14 1 0
 65 0 11 1 0
 21 0 11 1 0
 -65 0 13 0 0
 -19 0 15 1 0
 96 1 6 1 0

 -126 0 10 0 0
 -15 0 12 0 0
 15 0 15 1 0
 113 0 8 0 0
 125 0 13 1 0
 99 0 0 0 0
 -47 0 3 0 0
 105 0 5 0 0
 -89 0 13 1 0
 97 0 0 0 0
 113 0 5 0 0
 -6 0 11 0 0
 -90 0 13 1 0
 -117 0 9 0 0
 -42 0 14 1 0
 65 0 11 1 0
 21 0 11 1 0
 -65 0 13 0 0
 -19 0 15 1 0
 96 1 6 1 0

