 34 0 4 0 0
 14 0 11 0 0
 -42 0 15 1 0
 34 0 1 1 0
 6 0 5 0 0
 -120 0 13 1 0
 0 0 0 1 0
 0 0 0 1 0
 -60 0 3 0 0
 -4 0 15 1 0
 -74 0 3 0 0
 -121 0 14 0 0
 -61 0 15 1 0
 -50 0 8 1 0
 0 1 0 1 0

 34 0 4 0 0
 14 0 11 0 0
 -42 0 15 1 0
 34 0 1 1 0
 6 0 5 0 0
 -120 0 13 1 0
 0 0 0 1 0
 0 0 0 1 0
 -60 0 3 0 0
 -4 0 15 1 0
 -74 0 3 0 0
 -121 0 14 0 0
 -61 0 15 1 0
 -50 0 8 1 0
 0 1 0 1 0

 34 0 4 0 0
 14 0 11 0 0
 -42 0 15 1 0
 34 0 1 1 0
 6 0 5 0 0
 -120 0 13 1 0
 0 0 0 1 0
 0 0 0 1 0
 -60 0 3 0 0
 -4 0 15 1 0
 -74 0 3 0 0
 -121 0 14 0 0
 -61 0 15 1 0
 -50 0 8 1 0
 0 1 0 1 0

 34 0 4 0 0
 14 0 11 0 0
 -42 0 15 1 0
 34 0 1 1 0
 6 0 5 0 0
 -120 0 13 1 0
 0 0 0 1 0
 0 0 0 1 0
 -60 0 3 0 0
 -4 0 15 1 0
 -74 0 3 0 0
 -121 0 14 0 0
 -61 0 15 1 0
 -50 0 8 1 0
 0 1 0 1 0

 34 0 4 0 0
 14 0 11 0 0
 -42 0 15 1 0
 34 0 1 1 0
 6 0 5 0 0
 -120 0 13 1 0
 0 0 0 1 0
 0 0 0 1 0
 -60 0 3 0 0
 -4 0 15 1 0
 -74 0 3 0 0
 -121 0 14 0 0
 -61 0 15 1 0
 -50 0 8 1 0
 0 1 0 1 0

 34 0 4 0 0
 14 0 11 0 0
 -42 0 15 1 0
 34 0 1 1 0
 6 0 5 0 0
 -120 0 13 1 0
 0 0 0 1 0
 0 0 0 1 0
 -60 0 3 0 0
 -4 0 15 1 0
 -74 0 3 0 0
 -121 0 14 0 0
 -61 0 15 1 0
 -50 0 8 1 0
 0 1 0 1 0

 34 0 4 0 0
 14 0 11 0 0
 -42 0 15 1 0
 34 0 1 1 0
 6 0 5 0 0
 -120 0 13 1 0
 0 0 0 1 0
 0 0 0 1 0
 -60 0 3 0 0
 -4 0 15 1 0
 -74 0 3 0 0
 -121 0 14 0 0
 -61 0 15 1 0
 -50 0 8 1 0
 0 1 0 1 0

 34 0 4 0 0
 14 0 11 0 0
 -42 0 15 1 0
 34 0 1 1 0
 6 0 5 0 0
 -120 0 13 1 0
 0 0 0 1 0
 0 0 0 1 0
 -60 0 3 0 0
 -4 0 15 1 0
 -74 0 3 0 0
 -121 0 14 0 0
 -61 0 15 1 0
 -50 0 8 1 0
 0 1 0 1 0

 34 0 4 0 0
 14 0 11 0 0
 -42 0 15 1 0
 34 0 1 1 0
 6 0 5 0 0
 -120 0 13 1 0
 0 0 0 1 0
 0 0 0 1 0
 -60 0 3 0 0
 -4 0 15 1 0
 -74 0 3 0 0
 -121 0 14 0 0
 -61 0 15 1 0
 -50 0 8 1 0
 0 1 0 1 0

 34 0 4 0 0
 14 0 11 0 0
 -42 0 15 1 0
 34 0 1 1 0
 6 0 5 0 0
 -120 0 13 1 0
 0 0 0 1 0
 0 0 0 1 0
 -60 0 3 0 0
 -4 0 15 1 0
 -74 0 3 0 0
 -121 0 14 0 0
 -61 0 15 1 0
 -50 0 8 1 0
 0 1 0 1 0

 34 0 4 0 0
 14 0 11 0 0
 -42 0 15 1 0
 34 0 1 1 0
 6 0 5 0 0
 -120 0 13 1 0
 0 0 0 1 0
 0 0 0 1 0
 -60 0 3 0 0
 -4 0 15 1 0
 -74 0 3 0 0
 -121 0 14 0 0
 -61 0 15 1 0
 -50 0 8 1 0
 0 1 0 1 0

 34 0 4 0 0
 14 0 11 0 0
 -42 0 15 1 0
 34 0 1 1 0
 6 0 5 0 0
 -120 0 13 1 0
 0 0 0 1 0
 0 0 0 1 0
 -60 0 3 0 0
 -4 0 15 1 0
 -74 0 3 0 0
 -121 0 14 0 0
 -61 0 15 1 0
 -50 0 8 1 0
 0 1 0 1 0

 34 0 4 0 0
 14 0 11 0 0
 -42 0 15 1 0
 34 0 1 1 0
 6 0 5 0 0
 -120 0 13 1 0
 0 0 0 1 0
 0 0 0 1 0
 -60 0 3 0 0
 -4 0 15 1 0
 -74 0 3 0 0
 -121 0 14 0 0
 -61 0 15 1 0
 -50 0 8 1 0
 0 1 0 1 0

 34 0 4 0 0
 14 0 11 0 0
 -42 0 15 1 0
 34 0 1 1 0
 6 0 5 0 0
 -120 0 13 1 0
 0 0 0 1 0
 0 0 0 1 0
 -60 0 3 0 0
 -4 0 15 1 0
 -74 0 3 0 0
 -121 0 14 0 0
 -61 0 15 1 0
 -50 0 8 1 0
 0 1 0 1 0

 34 0 4 0 0
 14 0 11 0 0
 -42 0 15 1 0
 34 0 1 1 0
 6 0 5 0 0
 -120 0 13 1 0
 0 0 0 1 0
 0 0 0 1 0
 -60 0 3 0 0
 -4 0 15 1 0
 -74 0 3 0 0
 -121 0 14 0 0
 -61 0 15 1 0
 -50 0 8 1 0
 0 1 0 1 0

 34 0 4 0 0
 14 0 11 0 0
 -42 0 15 1 0
 34 0 1 1 0
 6 0 5 0 0
 -120 0 13 1 0
 0 0 0 1 0
 0 0 0 1 0
 -60 0 3 0 0
 -4 0 15 1 0
 -74 0 3 0 0
 -121 0 14 0 0
 -61 0 15 1 0
 -50 0 8 1 0
 0 1 0 1 0

 34 0 4 0 0
 14 0 11 0 0
 -42 0 15 1 0
 34 0 1 1 0
 6 0 5 0 0
 -120 0 13 1 0
 0 0 0 1 0
 0 0 0 1 0
 -60 0 3 0 0
 -4 0 15 1 0
 -74 0 3 0 0
 -121 0 14 0 0
 -61 0 15 1 0
 -50 0 8 1 0
 0 1 0 1 0

 34 0 4 0 0
 14 0 11 0 0
 -42 0 15 1 0
 34 0 1 1 0
 6 0 5 0 0
 -120 0 13 1 0
 0 0 0 1 0
 0 0 0 1 0
 -60 0 3 0 0
 -4 0 15 1 0
 -74 0 3 0 0
 -121 0 14 0 0
 -61 0 15 1 0
 -50 0 8 1 0
 0 1 0 1 0

 34 0 4 0 0
 14 0 11 0 0
 -42 0 15 1 0
 34 0 1 1 0
 6 0 5 0 0
 -120 0 13 1 0
 0 0 0 1 0
 0 0 0 1 0
 -60 0 3 0 0
 -4 0 15 1 0
 -74 0 3 0 0
 -121 0 14 0 0
 -61 0 15 1 0
 -50 0 8 1 0
 0 1 0 1 0

 34 0 4 0 0
 14 0 11 0 0
 -42 0 15 1 0
 34 0 1 1 0
 6 0 5 0 0
 -120 0 13 1 0
 0 0 0 1 0
 0 0 0 1 0
 -60 0 3 0 0
 -4 0 15 1 0
 -74 0 3 0 0
 -121 0 14 0 0
 -61 0 15 1 0
 -50 0 8 1 0
 0 1 0 1 0

 34 0 4 0 0
 14 0 11 0 0
 -42 0 15 1 0
 34 0 1 1 0
 6 0 5 0 0
 -120 0 13 1 0
 0 0 0 1 0
 0 0 0 1 0
 -60 0 3 0 0
 -4 0 15 1 0
 -74 0 3 0 0
 -121 0 14 0 0
 -61 0 15 1 0
 -50 0 8 1 0
 0 1 0 1 0

 34 0 4 0 0
 14 0 11 0 0
 -42 0 15 1 0
 34 0 1 1 0
 6 0 5 0 0
 -120 0 13 1 0
 0 0 0 1 0
 0 0 0 1 0
 -60 0 3 0 0
 -4 0 15 1 0
 -74 0 3 0 0
 -121 0 14 0 0
 -61 0 15 1 0
 -50 0 8 1 0
 0 1 0 1 0

 34 0 4 0 0
 14 0 11 0 0
 -42 0 15 1 0
 34 0 1 1 0
 6 0 5 0 0
 -120 0 13 1 0
 0 0 0 1 0
 0 0 0 1 0
 -60 0 3 0 0
 -4 0 15 1 0
 -74 0 3 0 0
 -121 0 14 0 0
 -61 0 15 1 0
 -50 0 8 1 0
 0 1 0 1 0

 34 0 4 0 0
 14 0 11 0 0
 -42 0 15 1 0
 34 0 1 1 0
 6 0 5 0 0
 -120 0 13 1 0
 0 0 0 1 0
 0 0 0 1 0
 -60 0 3 0 0
 -4 0 15 1 0
 -74 0 3 0 0
 -121 0 14 0 0
 -61 0 15 1 0
 -50 0 8 1 0
 0 1 0 1 0

 34 0 4 0 0
 14 0 11 0 0
 -42 0 15 1 0
 34 0 1 1 0
 6 0 5 0 0
 -120 0 13 1 0
 0 0 0 1 0
 0 0 0 1 0
 -60 0 3 0 0
 -4 0 15 1 0
 -74 0 3 0 0
 -121 0 14 0 0
 -61 0 15 1 0
 -50 0 8 1 0
 0 1 0 1 0

 34 0 4 0 0
 14 0 11 0 0
 -42 0 15 1 0
 34 0 1 1 0
 6 0 5 0 0
 -120 0 13 1 0
 0 0 0 1 0
 0 0 0 1 0
 -60 0 3 0 0
 -4 0 15 1 0
 -74 0 3 0 0
 -121 0 14 0 0
 -61 0 15 1 0
 -50 0 8 1 0
 0 1 0 1 0

 34 0 4 0 0
 14 0 11 0 0
 -42 0 15 1 0
 34 0 1 1 0
 6 0 5 0 0
 -120 0 13 1 0
 0 0 0 1 0
 0 0 0 1 0
 -60 0 3 0 0
 -4 0 15 1 0
 -74 0 3 0 0
 -121 0 14 0 0
 -61 0 15 1 0
 -50 0 8 1 0
 0 1 0 1 0

 34 0 4 0 0
 14 0 11 0 0
 -42 0 15 1 0
 34 0 1 1 0
 6 0 5 0 0
 -120 0 13 1 0
 0 0 0 1 0
 0 0 0 1 0
 -60 0 3 0 0
 -4 0 15 1 0
 -74 0 3 0 0
 -121 0 14 0 0
 -61 0 15 1 0
 -50 0 8 1 0
 0 1 0 1 0

 34 0 4 0 0
 14 0 11 0 0
 -42 0 15 1 0
 34 0 1 1 0
 6 0 5 0 0
 -120 0 13 1 0
 0 0 0 1 0
 0 0 0 1 0
 -60 0 3 0 0
 -4 0 15 1 0
 -74 0 3 0 0
 -121 0 14 0 0
 -61 0 15 1 0
 -50 0 8 1 0
 0 1 0 1 0

 34 0 4 0 0
 14 0 11 0 0
 -42 0 15 1 0
 34 0 1 1 0
 6 0 5 0 0
 -120 0 13 1 0
 0 0 0 1 0
 0 0 0 1 0
 -60 0 3 0 0
 -4 0 15 1 0
 -74 0 3 0 0
 -121 0 14 0 0
 -61 0 15 1 0
 -50 0 8 1 0
 0 1 0 1 0

 34 0 4 0 0
 14 0 11 0 0
 -42 0 15 1 0
 34 0 1 1 0
 6 0 5 0 0
 -120 0 13 1 0
 0 0 0 1 0
 0 0 0 1 0
 -60 0 3 0 0
 -4 0 15 1 0
 -74 0 3 0 0
 -121 0 14 0 0
 -61 0 15 1 0
 -50 0 8 1 0
 0 1 0 1 0

 34 0 4 0 0
 14 0 11 0 0
 -42 0 15 1 0
 34 0 1 1 0
 6 0 5 0 0
 -120 0 13 1 0
 0 0 0 1 0
 0 0 0 1 0
 -60 0 3 0 0
 -4 0 15 1 0
 -74 0 3 0 0
 -121 0 14 0 0
 -61 0 15 1 0
 -50 0 8 1 0
 0 1 0 1 0

 34 0 4 0 0
 14 0 11 0 0
 -42 0 15 1 0
 34 0 1 1 0
 6 0 5 0 0
 -120 0 13 1 0
 0 0 0 1 0
 0 0 0 1 0
 -60 0 3 0 0
 -4 0 15 1 0
 -74 0 3 0 0
 -121 0 14 0 0
 -61 0 15 1 0
 -50 0 8 1 0
 0 1 0 1 0

 34 0 4 0 0
 14 0 11 0 0
 -42 0 15 1 0
 34 0 1 1 0
 6 0 5 0 0
 -120 0 13 1 0
 0 0 0 1 0
 0 0 0 1 0
 -60 0 3 0 0
 -4 0 15 1 0
 -74 0 3 0 0
 -121 0 14 0 0
 -61 0 15 1 0
 -50 0 8 1 0
 0 1 0 1 0

 34 0 4 0 0
 14 0 11 0 0
 -42 0 15 1 0
 34 0 1 1 0
 6 0 5 0 0
 -120 0 13 1 0
 0 0 0 1 0
 0 0 0 1 0
 -60 0 3 0 0
 -4 0 15 1 0
 -74 0 3 0 0
 -121 0 14 0 0
 -61 0 15 1 0
 -50 0 8 1 0
 0 1 0 1 0

 34 0 4 0 0
 14 0 11 0 0
 -42 0 15 1 0
 34 0 1 1 0
 6 0 5 0 0
 -120 0 13 1 0
 0 0 0 1 0
 0 0 0 1 0
 -60 0 3 0 0
 -4 0 15 1 0
 -74 0 3 0 0
 -121 0 14 0 0
 -61 0 15 1 0
 -50 0 8 1 0
 0 1 0 1 0

