 -128 0 13 1 0
 -21 0 4 0 0
 32 0 11 1 0
 -67 0 7 0 0
 40 0 10 1 0
 -13 0 10 0 0
 9 0 15 1 0
 14 0 0 0 0
 -77 0 5 0 0
 87 0 11 1 0
 0 0 0 1 0
 -26 0 15 1 0
 -50 0 2 1 0
 27 1 0 1 0

 -128 0 13 1 0
 -21 0 4 0 0
 32 0 11 1 0
 -67 0 7 0 0
 40 0 10 1 0
 -13 0 10 0 0
 9 0 15 1 0
 14 0 0 0 0
 -77 0 5 0 0
 87 0 11 1 0
 0 0 0 1 0
 -26 0 15 1 0
 -50 0 2 1 0
 27 1 0 1 0

 -128 0 13 1 0
 -21 0 4 0 0
 32 0 11 1 0
 -67 0 7 0 0
 40 0 10 1 0
 -13 0 10 0 0
 9 0 15 1 0
 14 0 0 0 0
 -77 0 5 0 0
 87 0 11 1 0
 0 0 0 1 0
 -26 0 15 1 0
 -50 0 2 1 0
 27 1 0 1 0

 -128 0 13 1 0
 -21 0 4 0 0
 32 0 11 1 0
 -67 0 7 0 0
 40 0 10 1 0
 -13 0 10 0 0
 9 0 15 1 0
 14 0 0 0 0
 -77 0 5 0 0
 87 0 11 1 0
 0 0 0 1 0
 -26 0 15 1 0
 -50 0 2 1 0
 27 1 0 1 0

 -128 0 13 1 0
 -21 0 4 0 0
 32 0 11 1 0
 -67 0 7 0 0
 40 0 10 1 0
 -13 0 10 0 0
 9 0 15 1 0
 14 0 0 0 0
 -77 0 5 0 0
 87 0 11 1 0
 0 0 0 1 0
 -26 0 15 1 0
 -50 0 2 1 0
 27 1 0 1 0

 -128 0 13 1 0
 -21 0 4 0 0
 32 0 11 1 0
 -67 0 7 0 0
 40 0 10 1 0
 -13 0 10 0 0
 9 0 15 1 0
 14 0 0 0 0
 -77 0 5 0 0
 87 0 11 1 0
 0 0 0 1 0
 -26 0 15 1 0
 -50 0 2 1 0
 27 1 0 1 0

 -128 0 13 1 0
 -21 0 4 0 0
 32 0 11 1 0
 -67 0 7 0 0
 40 0 10 1 0
 -13 0 10 0 0
 9 0 15 1 0
 14 0 0 0 0
 -77 0 5 0 0
 87 0 11 1 0
 0 0 0 1 0
 -26 0 15 1 0
 -50 0 2 1 0
 27 1 0 1 0

 -128 0 13 1 0
 -21 0 4 0 0
 32 0 11 1 0
 -67 0 7 0 0
 40 0 10 1 0
 -13 0 10 0 0
 9 0 15 1 0
 14 0 0 0 0
 -77 0 5 0 0
 87 0 11 1 0
 0 0 0 1 0
 -26 0 15 1 0
 -50 0 2 1 0
 27 1 0 1 0

 -128 0 13 1 0
 -21 0 4 0 0
 32 0 11 1 0
 -67 0 7 0 0
 40 0 10 1 0
 -13 0 10 0 0
 9 0 15 1 0
 14 0 0 0 0
 -77 0 5 0 0
 87 0 11 1 0
 0 0 0 1 0
 -26 0 15 1 0
 -50 0 2 1 0
 27 1 0 1 0

 -128 0 13 1 0
 -21 0 4 0 0
 32 0 11 1 0
 -67 0 7 0 0
 40 0 10 1 0
 -13 0 10 0 0
 9 0 15 1 0
 14 0 0 0 0
 -77 0 5 0 0
 87 0 11 1 0
 0 0 0 1 0
 -26 0 15 1 0
 -50 0 2 1 0
 27 1 0 1 0

 -128 0 13 1 0
 -21 0 4 0 0
 32 0 11 1 0
 -67 0 7 0 0
 40 0 10 1 0
 -13 0 10 0 0
 9 0 15 1 0
 14 0 0 0 0
 -77 0 5 0 0
 87 0 11 1 0
 0 0 0 1 0
 -26 0 15 1 0
 -50 0 2 1 0
 27 1 0 1 0

 -128 0 13 1 0
 -21 0 4 0 0
 32 0 11 1 0
 -67 0 7 0 0
 40 0 10 1 0
 -13 0 10 0 0
 9 0 15 1 0
 14 0 0 0 0
 -77 0 5 0 0
 87 0 11 1 0
 0 0 0 1 0
 -26 0 15 1 0
 -50 0 2 1 0
 27 1 0 1 0

 -128 0 13 1 0
 -21 0 4 0 0
 32 0 11 1 0
 -67 0 7 0 0
 40 0 10 1 0
 -13 0 10 0 0
 9 0 15 1 0
 14 0 0 0 0
 -77 0 5 0 0
 87 0 11 1 0
 0 0 0 1 0
 -26 0 15 1 0
 -50 0 2 1 0
 27 1 0 1 0

 -128 0 13 1 0
 -21 0 4 0 0
 32 0 11 1 0
 -67 0 7 0 0
 40 0 10 1 0
 -13 0 10 0 0
 9 0 15 1 0
 14 0 0 0 0
 -77 0 5 0 0
 87 0 11 1 0
 0 0 0 1 0
 -26 0 15 1 0
 -50 0 2 1 0
 27 1 0 1 0

 -128 0 13 1 0
 -21 0 4 0 0
 32 0 11 1 0
 -67 0 7 0 0
 40 0 10 1 0
 -13 0 10 0 0
 9 0 15 1 0
 14 0 0 0 0
 -77 0 5 0 0
 87 0 11 1 0
 0 0 0 1 0
 -26 0 15 1 0
 -50 0 2 1 0
 27 1 0 1 0

 -128 0 13 1 0
 -21 0 4 0 0
 32 0 11 1 0
 -67 0 7 0 0
 40 0 10 1 0
 -13 0 10 0 0
 9 0 15 1 0
 14 0 0 0 0
 -77 0 5 0 0
 87 0 11 1 0
 0 0 0 1 0
 -26 0 15 1 0
 -50 0 2 1 0
 27 1 0 1 0

 -128 0 13 1 0
 -21 0 4 0 0
 32 0 11 1 0
 -67 0 7 0 0
 40 0 10 1 0
 -13 0 10 0 0
 9 0 15 1 0
 14 0 0 0 0
 -77 0 5 0 0
 87 0 11 1 0
 0 0 0 1 0
 -26 0 15 1 0
 -50 0 2 1 0
 27 1 0 1 0

 -128 0 13 1 0
 -21 0 4 0 0
 32 0 11 1 0
 -67 0 7 0 0
 40 0 10 1 0
 -13 0 10 0 0
 9 0 15 1 0
 14 0 0 0 0
 -77 0 5 0 0
 87 0 11 1 0
 0 0 0 1 0
 -26 0 15 1 0
 -50 0 2 1 0
 27 1 0 1 0

 -128 0 13 1 0
 -21 0 4 0 0
 32 0 11 1 0
 -67 0 7 0 0
 40 0 10 1 0
 -13 0 10 0 0
 9 0 15 1 0
 14 0 0 0 0
 -77 0 5 0 0
 87 0 11 1 0
 0 0 0 1 0
 -26 0 15 1 0
 -50 0 2 1 0
 27 1 0 1 0

 -128 0 13 1 0
 -21 0 4 0 0
 32 0 11 1 0
 -67 0 7 0 0
 40 0 10 1 0
 -13 0 10 0 0
 9 0 15 1 0
 14 0 0 0 0
 -77 0 5 0 0
 87 0 11 1 0
 0 0 0 1 0
 -26 0 15 1 0
 -50 0 2 1 0
 27 1 0 1 0

 -128 0 13 1 0
 -21 0 4 0 0
 32 0 11 1 0
 -67 0 7 0 0
 40 0 10 1 0
 -13 0 10 0 0
 9 0 15 1 0
 14 0 0 0 0
 -77 0 5 0 0
 87 0 11 1 0
 0 0 0 1 0
 -26 0 15 1 0
 -50 0 2 1 0
 27 1 0 1 0

 -128 0 13 1 0
 -21 0 4 0 0
 32 0 11 1 0
 -67 0 7 0 0
 40 0 10 1 0
 -13 0 10 0 0
 9 0 15 1 0
 14 0 0 0 0
 -77 0 5 0 0
 87 0 11 1 0
 0 0 0 1 0
 -26 0 15 1 0
 -50 0 2 1 0
 27 1 0 1 0

 -128 0 13 1 0
 -21 0 4 0 0
 32 0 11 1 0
 -67 0 7 0 0
 40 0 10 1 0
 -13 0 10 0 0
 9 0 15 1 0
 14 0 0 0 0
 -77 0 5 0 0
 87 0 11 1 0
 0 0 0 1 0
 -26 0 15 1 0
 -50 0 2 1 0
 27 1 0 1 0

 -128 0 13 1 0
 -21 0 4 0 0
 32 0 11 1 0
 -67 0 7 0 0
 40 0 10 1 0
 -13 0 10 0 0
 9 0 15 1 0
 14 0 0 0 0
 -77 0 5 0 0
 87 0 11 1 0
 0 0 0 1 0
 -26 0 15 1 0
 -50 0 2 1 0
 27 1 0 1 0

 -128 0 13 1 0
 -21 0 4 0 0
 32 0 11 1 0
 -67 0 7 0 0
 40 0 10 1 0
 -13 0 10 0 0
 9 0 15 1 0
 14 0 0 0 0
 -77 0 5 0 0
 87 0 11 1 0
 0 0 0 1 0
 -26 0 15 1 0
 -50 0 2 1 0
 27 1 0 1 0

 -128 0 13 1 0
 -21 0 4 0 0
 32 0 11 1 0
 -67 0 7 0 0
 40 0 10 1 0
 -13 0 10 0 0
 9 0 15 1 0
 14 0 0 0 0
 -77 0 5 0 0
 87 0 11 1 0
 0 0 0 1 0
 -26 0 15 1 0
 -50 0 2 1 0
 27 1 0 1 0

 -128 0 13 1 0
 -21 0 4 0 0
 32 0 11 1 0
 -67 0 7 0 0
 40 0 10 1 0
 -13 0 10 0 0
 9 0 15 1 0
 14 0 0 0 0
 -77 0 5 0 0
 87 0 11 1 0
 0 0 0 1 0
 -26 0 15 1 0
 -50 0 2 1 0
 27 1 0 1 0

 -128 0 13 1 0
 -21 0 4 0 0
 32 0 11 1 0
 -67 0 7 0 0
 40 0 10 1 0
 -13 0 10 0 0
 9 0 15 1 0
 14 0 0 0 0
 -77 0 5 0 0
 87 0 11 1 0
 0 0 0 1 0
 -26 0 15 1 0
 -50 0 2 1 0
 27 1 0 1 0

 -128 0 13 1 0
 -21 0 4 0 0
 32 0 11 1 0
 -67 0 7 0 0
 40 0 10 1 0
 -13 0 10 0 0
 9 0 15 1 0
 14 0 0 0 0
 -77 0 5 0 0
 87 0 11 1 0
 0 0 0 1 0
 -26 0 15 1 0
 -50 0 2 1 0
 27 1 0 1 0

 -128 0 13 1 0
 -21 0 4 0 0
 32 0 11 1 0
 -67 0 7 0 0
 40 0 10 1 0
 -13 0 10 0 0
 9 0 15 1 0
 14 0 0 0 0
 -77 0 5 0 0
 87 0 11 1 0
 0 0 0 1 0
 -26 0 15 1 0
 -50 0 2 1 0
 27 1 0 1 0

 -128 0 13 1 0
 -21 0 4 0 0
 32 0 11 1 0
 -67 0 7 0 0
 40 0 10 1 0
 -13 0 10 0 0
 9 0 15 1 0
 14 0 0 0 0
 -77 0 5 0 0
 87 0 11 1 0
 0 0 0 1 0
 -26 0 15 1 0
 -50 0 2 1 0
 27 1 0 1 0

 -128 0 13 1 0
 -21 0 4 0 0
 32 0 11 1 0
 -67 0 7 0 0
 40 0 10 1 0
 -13 0 10 0 0
 9 0 15 1 0
 14 0 0 0 0
 -77 0 5 0 0
 87 0 11 1 0
 0 0 0 1 0
 -26 0 15 1 0
 -50 0 2 1 0
 27 1 0 1 0

 -128 0 13 1 0
 -21 0 4 0 0
 32 0 11 1 0
 -67 0 7 0 0
 40 0 10 1 0
 -13 0 10 0 0
 9 0 15 1 0
 14 0 0 0 0
 -77 0 5 0 0
 87 0 11 1 0
 0 0 0 1 0
 -26 0 15 1 0
 -50 0 2 1 0
 27 1 0 1 0

 -128 0 13 1 0
 -21 0 4 0 0
 32 0 11 1 0
 -67 0 7 0 0
 40 0 10 1 0
 -13 0 10 0 0
 9 0 15 1 0
 14 0 0 0 0
 -77 0 5 0 0
 87 0 11 1 0
 0 0 0 1 0
 -26 0 15 1 0
 -50 0 2 1 0
 27 1 0 1 0

 -128 0 13 1 0
 -21 0 4 0 0
 32 0 11 1 0
 -67 0 7 0 0
 40 0 10 1 0
 -13 0 10 0 0
 9 0 15 1 0
 14 0 0 0 0
 -77 0 5 0 0
 87 0 11 1 0
 0 0 0 1 0
 -26 0 15 1 0
 -50 0 2 1 0
 27 1 0 1 0

 -128 0 13 1 0
 -21 0 4 0 0
 32 0 11 1 0
 -67 0 7 0 0
 40 0 10 1 0
 -13 0 10 0 0
 9 0 15 1 0
 14 0 0 0 0
 -77 0 5 0 0
 87 0 11 1 0
 0 0 0 1 0
 -26 0 15 1 0
 -50 0 2 1 0
 27 1 0 1 0

