 104 0 0 0 0
 10 0 8 1 0
 18 0 9 1 0
 -27 0 1 0 0
 -36 0 3 0 0
 -17 0 14 0 0
 118 0 15 1 0
 1 0 2 0 0
 43 0 8 0 0
 83 0 11 0 0
 -114 0 14 1 0
 0 0 0 1 0
 125 0 2 0 0
 70 0 6 0 0
 -102 0 9 1 0
 0 0 0 1 0
 47 0 8 1 0
 -3 0 6 0 0
 83 0 13 0 0
 119 0 14 0 0
 26 1 15 1 0

 104 0 0 0 0
 10 0 8 1 0
 18 0 9 1 0
 -27 0 1 0 0
 -36 0 3 0 0
 -17 0 14 0 0
 118 0 15 1 0
 1 0 2 0 0
 43 0 8 0 0
 83 0 11 0 0
 -114 0 14 1 0
 0 0 0 1 0
 125 0 2 0 0
 70 0 6 0 0
 -102 0 9 1 0
 0 0 0 1 0
 47 0 8 1 0
 -3 0 6 0 0
 83 0 13 0 0
 119 0 14 0 0
 26 1 15 1 0

 104 0 0 0 0
 10 0 8 1 0
 18 0 9 1 0
 -27 0 1 0 0
 -36 0 3 0 0
 -17 0 14 0 0
 118 0 15 1 0
 1 0 2 0 0
 43 0 8 0 0
 83 0 11 0 0
 -114 0 14 1 0
 0 0 0 1 0
 125 0 2 0 0
 70 0 6 0 0
 -102 0 9 1 0
 0 0 0 1 0
 47 0 8 1 0
 -3 0 6 0 0
 83 0 13 0 0
 119 0 14 0 0
 26 1 15 1 0

 104 0 0 0 0
 10 0 8 1 0
 18 0 9 1 0
 -27 0 1 0 0
 -36 0 3 0 0
 -17 0 14 0 0
 118 0 15 1 0
 1 0 2 0 0
 43 0 8 0 0
 83 0 11 0 0
 -114 0 14 1 0
 0 0 0 1 0
 125 0 2 0 0
 70 0 6 0 0
 -102 0 9 1 0
 0 0 0 1 0
 47 0 8 1 0
 -3 0 6 0 0
 83 0 13 0 0
 119 0 14 0 0
 26 1 15 1 0

 104 0 0 0 0
 10 0 8 1 0
 18 0 9 1 0
 -27 0 1 0 0
 -36 0 3 0 0
 -17 0 14 0 0
 118 0 15 1 0
 1 0 2 0 0
 43 0 8 0 0
 83 0 11 0 0
 -114 0 14 1 0
 0 0 0 1 0
 125 0 2 0 0
 70 0 6 0 0
 -102 0 9 1 0
 0 0 0 1 0
 47 0 8 1 0
 -3 0 6 0 0
 83 0 13 0 0
 119 0 14 0 0
 26 1 15 1 0

 104 0 0 0 0
 10 0 8 1 0
 18 0 9 1 0
 -27 0 1 0 0
 -36 0 3 0 0
 -17 0 14 0 0
 118 0 15 1 0
 1 0 2 0 0
 43 0 8 0 0
 83 0 11 0 0
 -114 0 14 1 0
 0 0 0 1 0
 125 0 2 0 0
 70 0 6 0 0
 -102 0 9 1 0
 0 0 0 1 0
 47 0 8 1 0
 -3 0 6 0 0
 83 0 13 0 0
 119 0 14 0 0
 26 1 15 1 0

 104 0 0 0 0
 10 0 8 1 0
 18 0 9 1 0
 -27 0 1 0 0
 -36 0 3 0 0
 -17 0 14 0 0
 118 0 15 1 0
 1 0 2 0 0
 43 0 8 0 0
 83 0 11 0 0
 -114 0 14 1 0
 0 0 0 1 0
 125 0 2 0 0
 70 0 6 0 0
 -102 0 9 1 0
 0 0 0 1 0
 47 0 8 1 0
 -3 0 6 0 0
 83 0 13 0 0
 119 0 14 0 0
 26 1 15 1 0

 104 0 0 0 0
 10 0 8 1 0
 18 0 9 1 0
 -27 0 1 0 0
 -36 0 3 0 0
 -17 0 14 0 0
 118 0 15 1 0
 1 0 2 0 0
 43 0 8 0 0
 83 0 11 0 0
 -114 0 14 1 0
 0 0 0 1 0
 125 0 2 0 0
 70 0 6 0 0
 -102 0 9 1 0
 0 0 0 1 0
 47 0 8 1 0
 -3 0 6 0 0
 83 0 13 0 0
 119 0 14 0 0
 26 1 15 1 0

 104 0 0 0 0
 10 0 8 1 0
 18 0 9 1 0
 -27 0 1 0 0
 -36 0 3 0 0
 -17 0 14 0 0
 118 0 15 1 0
 1 0 2 0 0
 43 0 8 0 0
 83 0 11 0 0
 -114 0 14 1 0
 0 0 0 1 0
 125 0 2 0 0
 70 0 6 0 0
 -102 0 9 1 0
 0 0 0 1 0
 47 0 8 1 0
 -3 0 6 0 0
 83 0 13 0 0
 119 0 14 0 0
 26 1 15 1 0

 104 0 0 0 0
 10 0 8 1 0
 18 0 9 1 0
 -27 0 1 0 0
 -36 0 3 0 0
 -17 0 14 0 0
 118 0 15 1 0
 1 0 2 0 0
 43 0 8 0 0
 83 0 11 0 0
 -114 0 14 1 0
 0 0 0 1 0
 125 0 2 0 0
 70 0 6 0 0
 -102 0 9 1 0
 0 0 0 1 0
 47 0 8 1 0
 -3 0 6 0 0
 83 0 13 0 0
 119 0 14 0 0
 26 1 15 1 0

 104 0 0 0 0
 10 0 8 1 0
 18 0 9 1 0
 -27 0 1 0 0
 -36 0 3 0 0
 -17 0 14 0 0
 118 0 15 1 0
 1 0 2 0 0
 43 0 8 0 0
 83 0 11 0 0
 -114 0 14 1 0
 0 0 0 1 0
 125 0 2 0 0
 70 0 6 0 0
 -102 0 9 1 0
 0 0 0 1 0
 47 0 8 1 0
 -3 0 6 0 0
 83 0 13 0 0
 119 0 14 0 0
 26 1 15 1 0

 104 0 0 0 0
 10 0 8 1 0
 18 0 9 1 0
 -27 0 1 0 0
 -36 0 3 0 0
 -17 0 14 0 0
 118 0 15 1 0
 1 0 2 0 0
 43 0 8 0 0
 83 0 11 0 0
 -114 0 14 1 0
 0 0 0 1 0
 125 0 2 0 0
 70 0 6 0 0
 -102 0 9 1 0
 0 0 0 1 0
 47 0 8 1 0
 -3 0 6 0 0
 83 0 13 0 0
 119 0 14 0 0
 26 1 15 1 0

 104 0 0 0 0
 10 0 8 1 0
 18 0 9 1 0
 -27 0 1 0 0
 -36 0 3 0 0
 -17 0 14 0 0
 118 0 15 1 0
 1 0 2 0 0
 43 0 8 0 0
 83 0 11 0 0
 -114 0 14 1 0
 0 0 0 1 0
 125 0 2 0 0
 70 0 6 0 0
 -102 0 9 1 0
 0 0 0 1 0
 47 0 8 1 0
 -3 0 6 0 0
 83 0 13 0 0
 119 0 14 0 0
 26 1 15 1 0

 104 0 0 0 0
 10 0 8 1 0
 18 0 9 1 0
 -27 0 1 0 0
 -36 0 3 0 0
 -17 0 14 0 0
 118 0 15 1 0
 1 0 2 0 0
 43 0 8 0 0
 83 0 11 0 0
 -114 0 14 1 0
 0 0 0 1 0
 125 0 2 0 0
 70 0 6 0 0
 -102 0 9 1 0
 0 0 0 1 0
 47 0 8 1 0
 -3 0 6 0 0
 83 0 13 0 0
 119 0 14 0 0
 26 1 15 1 0

 104 0 0 0 0
 10 0 8 1 0
 18 0 9 1 0
 -27 0 1 0 0
 -36 0 3 0 0
 -17 0 14 0 0
 118 0 15 1 0
 1 0 2 0 0
 43 0 8 0 0
 83 0 11 0 0
 -114 0 14 1 0
 0 0 0 1 0
 125 0 2 0 0
 70 0 6 0 0
 -102 0 9 1 0
 0 0 0 1 0
 47 0 8 1 0
 -3 0 6 0 0
 83 0 13 0 0
 119 0 14 0 0
 26 1 15 1 0

 104 0 0 0 0
 10 0 8 1 0
 18 0 9 1 0
 -27 0 1 0 0
 -36 0 3 0 0
 -17 0 14 0 0
 118 0 15 1 0
 1 0 2 0 0
 43 0 8 0 0
 83 0 11 0 0
 -114 0 14 1 0
 0 0 0 1 0
 125 0 2 0 0
 70 0 6 0 0
 -102 0 9 1 0
 0 0 0 1 0
 47 0 8 1 0
 -3 0 6 0 0
 83 0 13 0 0
 119 0 14 0 0
 26 1 15 1 0

 104 0 0 0 0
 10 0 8 1 0
 18 0 9 1 0
 -27 0 1 0 0
 -36 0 3 0 0
 -17 0 14 0 0
 118 0 15 1 0
 1 0 2 0 0
 43 0 8 0 0
 83 0 11 0 0
 -114 0 14 1 0
 0 0 0 1 0
 125 0 2 0 0
 70 0 6 0 0
 -102 0 9 1 0
 0 0 0 1 0
 47 0 8 1 0
 -3 0 6 0 0
 83 0 13 0 0
 119 0 14 0 0
 26 1 15 1 0

 104 0 0 0 0
 10 0 8 1 0
 18 0 9 1 0
 -27 0 1 0 0
 -36 0 3 0 0
 -17 0 14 0 0
 118 0 15 1 0
 1 0 2 0 0
 43 0 8 0 0
 83 0 11 0 0
 -114 0 14 1 0
 0 0 0 1 0
 125 0 2 0 0
 70 0 6 0 0
 -102 0 9 1 0
 0 0 0 1 0
 47 0 8 1 0
 -3 0 6 0 0
 83 0 13 0 0
 119 0 14 0 0
 26 1 15 1 0

 104 0 0 0 0
 10 0 8 1 0
 18 0 9 1 0
 -27 0 1 0 0
 -36 0 3 0 0
 -17 0 14 0 0
 118 0 15 1 0
 1 0 2 0 0
 43 0 8 0 0
 83 0 11 0 0
 -114 0 14 1 0
 0 0 0 1 0
 125 0 2 0 0
 70 0 6 0 0
 -102 0 9 1 0
 0 0 0 1 0
 47 0 8 1 0
 -3 0 6 0 0
 83 0 13 0 0
 119 0 14 0 0
 26 1 15 1 0

 104 0 0 0 0
 10 0 8 1 0
 18 0 9 1 0
 -27 0 1 0 0
 -36 0 3 0 0
 -17 0 14 0 0
 118 0 15 1 0
 1 0 2 0 0
 43 0 8 0 0
 83 0 11 0 0
 -114 0 14 1 0
 0 0 0 1 0
 125 0 2 0 0
 70 0 6 0 0
 -102 0 9 1 0
 0 0 0 1 0
 47 0 8 1 0
 -3 0 6 0 0
 83 0 13 0 0
 119 0 14 0 0
 26 1 15 1 0

 104 0 0 0 0
 10 0 8 1 0
 18 0 9 1 0
 -27 0 1 0 0
 -36 0 3 0 0
 -17 0 14 0 0
 118 0 15 1 0
 1 0 2 0 0
 43 0 8 0 0
 83 0 11 0 0
 -114 0 14 1 0
 0 0 0 1 0
 125 0 2 0 0
 70 0 6 0 0
 -102 0 9 1 0
 0 0 0 1 0
 47 0 8 1 0
 -3 0 6 0 0
 83 0 13 0 0
 119 0 14 0 0
 26 1 15 1 0

 104 0 0 0 0
 10 0 8 1 0
 18 0 9 1 0
 -27 0 1 0 0
 -36 0 3 0 0
 -17 0 14 0 0
 118 0 15 1 0
 1 0 2 0 0
 43 0 8 0 0
 83 0 11 0 0
 -114 0 14 1 0
 0 0 0 1 0
 125 0 2 0 0
 70 0 6 0 0
 -102 0 9 1 0
 0 0 0 1 0
 47 0 8 1 0
 -3 0 6 0 0
 83 0 13 0 0
 119 0 14 0 0
 26 1 15 1 0

 104 0 0 0 0
 10 0 8 1 0
 18 0 9 1 0
 -27 0 1 0 0
 -36 0 3 0 0
 -17 0 14 0 0
 118 0 15 1 0
 1 0 2 0 0
 43 0 8 0 0
 83 0 11 0 0
 -114 0 14 1 0
 0 0 0 1 0
 125 0 2 0 0
 70 0 6 0 0
 -102 0 9 1 0
 0 0 0 1 0
 47 0 8 1 0
 -3 0 6 0 0
 83 0 13 0 0
 119 0 14 0 0
 26 1 15 1 0

 104 0 0 0 0
 10 0 8 1 0
 18 0 9 1 0
 -27 0 1 0 0
 -36 0 3 0 0
 -17 0 14 0 0
 118 0 15 1 0
 1 0 2 0 0
 43 0 8 0 0
 83 0 11 0 0
 -114 0 14 1 0
 0 0 0 1 0
 125 0 2 0 0
 70 0 6 0 0
 -102 0 9 1 0
 0 0 0 1 0
 47 0 8 1 0
 -3 0 6 0 0
 83 0 13 0 0
 119 0 14 0 0
 26 1 15 1 0

 104 0 0 0 0
 10 0 8 1 0
 18 0 9 1 0
 -27 0 1 0 0
 -36 0 3 0 0
 -17 0 14 0 0
 118 0 15 1 0
 1 0 2 0 0
 43 0 8 0 0
 83 0 11 0 0
 -114 0 14 1 0
 0 0 0 1 0
 125 0 2 0 0
 70 0 6 0 0
 -102 0 9 1 0
 0 0 0 1 0
 47 0 8 1 0
 -3 0 6 0 0
 83 0 13 0 0
 119 0 14 0 0
 26 1 15 1 0

 104 0 0 0 0
 10 0 8 1 0
 18 0 9 1 0
 -27 0 1 0 0
 -36 0 3 0 0
 -17 0 14 0 0
 118 0 15 1 0
 1 0 2 0 0
 43 0 8 0 0
 83 0 11 0 0
 -114 0 14 1 0
 0 0 0 1 0
 125 0 2 0 0
 70 0 6 0 0
 -102 0 9 1 0
 0 0 0 1 0
 47 0 8 1 0
 -3 0 6 0 0
 83 0 13 0 0
 119 0 14 0 0
 26 1 15 1 0

 104 0 0 0 0
 10 0 8 1 0
 18 0 9 1 0
 -27 0 1 0 0
 -36 0 3 0 0
 -17 0 14 0 0
 118 0 15 1 0
 1 0 2 0 0
 43 0 8 0 0
 83 0 11 0 0
 -114 0 14 1 0
 0 0 0 1 0
 125 0 2 0 0
 70 0 6 0 0
 -102 0 9 1 0
 0 0 0 1 0
 47 0 8 1 0
 -3 0 6 0 0
 83 0 13 0 0
 119 0 14 0 0
 26 1 15 1 0

 104 0 0 0 0
 10 0 8 1 0
 18 0 9 1 0
 -27 0 1 0 0
 -36 0 3 0 0
 -17 0 14 0 0
 118 0 15 1 0
 1 0 2 0 0
 43 0 8 0 0
 83 0 11 0 0
 -114 0 14 1 0
 0 0 0 1 0
 125 0 2 0 0
 70 0 6 0 0
 -102 0 9 1 0
 0 0 0 1 0
 47 0 8 1 0
 -3 0 6 0 0
 83 0 13 0 0
 119 0 14 0 0
 26 1 15 1 0

 104 0 0 0 0
 10 0 8 1 0
 18 0 9 1 0
 -27 0 1 0 0
 -36 0 3 0 0
 -17 0 14 0 0
 118 0 15 1 0
 1 0 2 0 0
 43 0 8 0 0
 83 0 11 0 0
 -114 0 14 1 0
 0 0 0 1 0
 125 0 2 0 0
 70 0 6 0 0
 -102 0 9 1 0
 0 0 0 1 0
 47 0 8 1 0
 -3 0 6 0 0
 83 0 13 0 0
 119 0 14 0 0
 26 1 15 1 0

 104 0 0 0 0
 10 0 8 1 0
 18 0 9 1 0
 -27 0 1 0 0
 -36 0 3 0 0
 -17 0 14 0 0
 118 0 15 1 0
 1 0 2 0 0
 43 0 8 0 0
 83 0 11 0 0
 -114 0 14 1 0
 0 0 0 1 0
 125 0 2 0 0
 70 0 6 0 0
 -102 0 9 1 0
 0 0 0 1 0
 47 0 8 1 0
 -3 0 6 0 0
 83 0 13 0 0
 119 0 14 0 0
 26 1 15 1 0

 104 0 0 0 0
 10 0 8 1 0
 18 0 9 1 0
 -27 0 1 0 0
 -36 0 3 0 0
 -17 0 14 0 0
 118 0 15 1 0
 1 0 2 0 0
 43 0 8 0 0
 83 0 11 0 0
 -114 0 14 1 0
 0 0 0 1 0
 125 0 2 0 0
 70 0 6 0 0
 -102 0 9 1 0
 0 0 0 1 0
 47 0 8 1 0
 -3 0 6 0 0
 83 0 13 0 0
 119 0 14 0 0
 26 1 15 1 0

 104 0 0 0 0
 10 0 8 1 0
 18 0 9 1 0
 -27 0 1 0 0
 -36 0 3 0 0
 -17 0 14 0 0
 118 0 15 1 0
 1 0 2 0 0
 43 0 8 0 0
 83 0 11 0 0
 -114 0 14 1 0
 0 0 0 1 0
 125 0 2 0 0
 70 0 6 0 0
 -102 0 9 1 0
 0 0 0 1 0
 47 0 8 1 0
 -3 0 6 0 0
 83 0 13 0 0
 119 0 14 0 0
 26 1 15 1 0

 104 0 0 0 0
 10 0 8 1 0
 18 0 9 1 0
 -27 0 1 0 0
 -36 0 3 0 0
 -17 0 14 0 0
 118 0 15 1 0
 1 0 2 0 0
 43 0 8 0 0
 83 0 11 0 0
 -114 0 14 1 0
 0 0 0 1 0
 125 0 2 0 0
 70 0 6 0 0
 -102 0 9 1 0
 0 0 0 1 0
 47 0 8 1 0
 -3 0 6 0 0
 83 0 13 0 0
 119 0 14 0 0
 26 1 15 1 0

 104 0 0 0 0
 10 0 8 1 0
 18 0 9 1 0
 -27 0 1 0 0
 -36 0 3 0 0
 -17 0 14 0 0
 118 0 15 1 0
 1 0 2 0 0
 43 0 8 0 0
 83 0 11 0 0
 -114 0 14 1 0
 0 0 0 1 0
 125 0 2 0 0
 70 0 6 0 0
 -102 0 9 1 0
 0 0 0 1 0
 47 0 8 1 0
 -3 0 6 0 0
 83 0 13 0 0
 119 0 14 0 0
 26 1 15 1 0

 104 0 0 0 0
 10 0 8 1 0
 18 0 9 1 0
 -27 0 1 0 0
 -36 0 3 0 0
 -17 0 14 0 0
 118 0 15 1 0
 1 0 2 0 0
 43 0 8 0 0
 83 0 11 0 0
 -114 0 14 1 0
 0 0 0 1 0
 125 0 2 0 0
 70 0 6 0 0
 -102 0 9 1 0
 0 0 0 1 0
 47 0 8 1 0
 -3 0 6 0 0
 83 0 13 0 0
 119 0 14 0 0
 26 1 15 1 0

 104 0 0 0 0
 10 0 8 1 0
 18 0 9 1 0
 -27 0 1 0 0
 -36 0 3 0 0
 -17 0 14 0 0
 118 0 15 1 0
 1 0 2 0 0
 43 0 8 0 0
 83 0 11 0 0
 -114 0 14 1 0
 0 0 0 1 0
 125 0 2 0 0
 70 0 6 0 0
 -102 0 9 1 0
 0 0 0 1 0
 47 0 8 1 0
 -3 0 6 0 0
 83 0 13 0 0
 119 0 14 0 0
 26 1 15 1 0

