 61 0 2 1 0
 -12 0 4 0 0
 -50 0 11 1 0
 -120 0 5 0 0
 52 0 9 0 0
 -87 0 12 1 0
 27 0 11 0 0
 35 0 12 1 0
 -117 0 7 0 0
 -32 0 11 0 0
 -118 0 14 1 0
 74 0 6 1 0
 -38 0 3 0 0
 -117 0 7 0 0
 -113 0 8 1 0
 -39 0 5 0 0
 -11 0 7 1 0
 -89 1 14 1 0

 61 0 2 1 0
 -12 0 4 0 0
 -50 0 11 1 0
 -120 0 5 0 0
 52 0 9 0 0
 -87 0 12 1 0
 27 0 11 0 0
 35 0 12 1 0
 -117 0 7 0 0
 -32 0 11 0 0
 -118 0 14 1 0
 74 0 6 1 0
 -38 0 3 0 0
 -117 0 7 0 0
 -113 0 8 1 0
 -39 0 5 0 0
 -11 0 7 1 0
 -89 1 14 1 0

 61 0 2 1 0
 -12 0 4 0 0
 -50 0 11 1 0
 -120 0 5 0 0
 52 0 9 0 0
 -87 0 12 1 0
 27 0 11 0 0
 35 0 12 1 0
 -117 0 7 0 0
 -32 0 11 0 0
 -118 0 14 1 0
 74 0 6 1 0
 -38 0 3 0 0
 -117 0 7 0 0
 -113 0 8 1 0
 -39 0 5 0 0
 -11 0 7 1 0
 -89 1 14 1 0

 61 0 2 1 0
 -12 0 4 0 0
 -50 0 11 1 0
 -120 0 5 0 0
 52 0 9 0 0
 -87 0 12 1 0
 27 0 11 0 0
 35 0 12 1 0
 -117 0 7 0 0
 -32 0 11 0 0
 -118 0 14 1 0
 74 0 6 1 0
 -38 0 3 0 0
 -117 0 7 0 0
 -113 0 8 1 0
 -39 0 5 0 0
 -11 0 7 1 0
 -89 1 14 1 0

 61 0 2 1 0
 -12 0 4 0 0
 -50 0 11 1 0
 -120 0 5 0 0
 52 0 9 0 0
 -87 0 12 1 0
 27 0 11 0 0
 35 0 12 1 0
 -117 0 7 0 0
 -32 0 11 0 0
 -118 0 14 1 0
 74 0 6 1 0
 -38 0 3 0 0
 -117 0 7 0 0
 -113 0 8 1 0
 -39 0 5 0 0
 -11 0 7 1 0
 -89 1 14 1 0

 61 0 2 1 0
 -12 0 4 0 0
 -50 0 11 1 0
 -120 0 5 0 0
 52 0 9 0 0
 -87 0 12 1 0
 27 0 11 0 0
 35 0 12 1 0
 -117 0 7 0 0
 -32 0 11 0 0
 -118 0 14 1 0
 74 0 6 1 0
 -38 0 3 0 0
 -117 0 7 0 0
 -113 0 8 1 0
 -39 0 5 0 0
 -11 0 7 1 0
 -89 1 14 1 0

 61 0 2 1 0
 -12 0 4 0 0
 -50 0 11 1 0
 -120 0 5 0 0
 52 0 9 0 0
 -87 0 12 1 0
 27 0 11 0 0
 35 0 12 1 0
 -117 0 7 0 0
 -32 0 11 0 0
 -118 0 14 1 0
 74 0 6 1 0
 -38 0 3 0 0
 -117 0 7 0 0
 -113 0 8 1 0
 -39 0 5 0 0
 -11 0 7 1 0
 -89 1 14 1 0

 61 0 2 1 0
 -12 0 4 0 0
 -50 0 11 1 0
 -120 0 5 0 0
 52 0 9 0 0
 -87 0 12 1 0
 27 0 11 0 0
 35 0 12 1 0
 -117 0 7 0 0
 -32 0 11 0 0
 -118 0 14 1 0
 74 0 6 1 0
 -38 0 3 0 0
 -117 0 7 0 0
 -113 0 8 1 0
 -39 0 5 0 0
 -11 0 7 1 0
 -89 1 14 1 0

 61 0 2 1 0
 -12 0 4 0 0
 -50 0 11 1 0
 -120 0 5 0 0
 52 0 9 0 0
 -87 0 12 1 0
 27 0 11 0 0
 35 0 12 1 0
 -117 0 7 0 0
 -32 0 11 0 0
 -118 0 14 1 0
 74 0 6 1 0
 -38 0 3 0 0
 -117 0 7 0 0
 -113 0 8 1 0
 -39 0 5 0 0
 -11 0 7 1 0
 -89 1 14 1 0

 61 0 2 1 0
 -12 0 4 0 0
 -50 0 11 1 0
 -120 0 5 0 0
 52 0 9 0 0
 -87 0 12 1 0
 27 0 11 0 0
 35 0 12 1 0
 -117 0 7 0 0
 -32 0 11 0 0
 -118 0 14 1 0
 74 0 6 1 0
 -38 0 3 0 0
 -117 0 7 0 0
 -113 0 8 1 0
 -39 0 5 0 0
 -11 0 7 1 0
 -89 1 14 1 0

 61 0 2 1 0
 -12 0 4 0 0
 -50 0 11 1 0
 -120 0 5 0 0
 52 0 9 0 0
 -87 0 12 1 0
 27 0 11 0 0
 35 0 12 1 0
 -117 0 7 0 0
 -32 0 11 0 0
 -118 0 14 1 0
 74 0 6 1 0
 -38 0 3 0 0
 -117 0 7 0 0
 -113 0 8 1 0
 -39 0 5 0 0
 -11 0 7 1 0
 -89 1 14 1 0

 61 0 2 1 0
 -12 0 4 0 0
 -50 0 11 1 0
 -120 0 5 0 0
 52 0 9 0 0
 -87 0 12 1 0
 27 0 11 0 0
 35 0 12 1 0
 -117 0 7 0 0
 -32 0 11 0 0
 -118 0 14 1 0
 74 0 6 1 0
 -38 0 3 0 0
 -117 0 7 0 0
 -113 0 8 1 0
 -39 0 5 0 0
 -11 0 7 1 0
 -89 1 14 1 0

 61 0 2 1 0
 -12 0 4 0 0
 -50 0 11 1 0
 -120 0 5 0 0
 52 0 9 0 0
 -87 0 12 1 0
 27 0 11 0 0
 35 0 12 1 0
 -117 0 7 0 0
 -32 0 11 0 0
 -118 0 14 1 0
 74 0 6 1 0
 -38 0 3 0 0
 -117 0 7 0 0
 -113 0 8 1 0
 -39 0 5 0 0
 -11 0 7 1 0
 -89 1 14 1 0

 61 0 2 1 0
 -12 0 4 0 0
 -50 0 11 1 0
 -120 0 5 0 0
 52 0 9 0 0
 -87 0 12 1 0
 27 0 11 0 0
 35 0 12 1 0
 -117 0 7 0 0
 -32 0 11 0 0
 -118 0 14 1 0
 74 0 6 1 0
 -38 0 3 0 0
 -117 0 7 0 0
 -113 0 8 1 0
 -39 0 5 0 0
 -11 0 7 1 0
 -89 1 14 1 0

 61 0 2 1 0
 -12 0 4 0 0
 -50 0 11 1 0
 -120 0 5 0 0
 52 0 9 0 0
 -87 0 12 1 0
 27 0 11 0 0
 35 0 12 1 0
 -117 0 7 0 0
 -32 0 11 0 0
 -118 0 14 1 0
 74 0 6 1 0
 -38 0 3 0 0
 -117 0 7 0 0
 -113 0 8 1 0
 -39 0 5 0 0
 -11 0 7 1 0
 -89 1 14 1 0

 61 0 2 1 0
 -12 0 4 0 0
 -50 0 11 1 0
 -120 0 5 0 0
 52 0 9 0 0
 -87 0 12 1 0
 27 0 11 0 0
 35 0 12 1 0
 -117 0 7 0 0
 -32 0 11 0 0
 -118 0 14 1 0
 74 0 6 1 0
 -38 0 3 0 0
 -117 0 7 0 0
 -113 0 8 1 0
 -39 0 5 0 0
 -11 0 7 1 0
 -89 1 14 1 0

 61 0 2 1 0
 -12 0 4 0 0
 -50 0 11 1 0
 -120 0 5 0 0
 52 0 9 0 0
 -87 0 12 1 0
 27 0 11 0 0
 35 0 12 1 0
 -117 0 7 0 0
 -32 0 11 0 0
 -118 0 14 1 0
 74 0 6 1 0
 -38 0 3 0 0
 -117 0 7 0 0
 -113 0 8 1 0
 -39 0 5 0 0
 -11 0 7 1 0
 -89 1 14 1 0

 61 0 2 1 0
 -12 0 4 0 0
 -50 0 11 1 0
 -120 0 5 0 0
 52 0 9 0 0
 -87 0 12 1 0
 27 0 11 0 0
 35 0 12 1 0
 -117 0 7 0 0
 -32 0 11 0 0
 -118 0 14 1 0
 74 0 6 1 0
 -38 0 3 0 0
 -117 0 7 0 0
 -113 0 8 1 0
 -39 0 5 0 0
 -11 0 7 1 0
 -89 1 14 1 0

 61 0 2 1 0
 -12 0 4 0 0
 -50 0 11 1 0
 -120 0 5 0 0
 52 0 9 0 0
 -87 0 12 1 0
 27 0 11 0 0
 35 0 12 1 0
 -117 0 7 0 0
 -32 0 11 0 0
 -118 0 14 1 0
 74 0 6 1 0
 -38 0 3 0 0
 -117 0 7 0 0
 -113 0 8 1 0
 -39 0 5 0 0
 -11 0 7 1 0
 -89 1 14 1 0

 61 0 2 1 0
 -12 0 4 0 0
 -50 0 11 1 0
 -120 0 5 0 0
 52 0 9 0 0
 -87 0 12 1 0
 27 0 11 0 0
 35 0 12 1 0
 -117 0 7 0 0
 -32 0 11 0 0
 -118 0 14 1 0
 74 0 6 1 0
 -38 0 3 0 0
 -117 0 7 0 0
 -113 0 8 1 0
 -39 0 5 0 0
 -11 0 7 1 0
 -89 1 14 1 0

 61 0 2 1 0
 -12 0 4 0 0
 -50 0 11 1 0
 -120 0 5 0 0
 52 0 9 0 0
 -87 0 12 1 0
 27 0 11 0 0
 35 0 12 1 0
 -117 0 7 0 0
 -32 0 11 0 0
 -118 0 14 1 0
 74 0 6 1 0
 -38 0 3 0 0
 -117 0 7 0 0
 -113 0 8 1 0
 -39 0 5 0 0
 -11 0 7 1 0
 -89 1 14 1 0

 61 0 2 1 0
 -12 0 4 0 0
 -50 0 11 1 0
 -120 0 5 0 0
 52 0 9 0 0
 -87 0 12 1 0
 27 0 11 0 0
 35 0 12 1 0
 -117 0 7 0 0
 -32 0 11 0 0
 -118 0 14 1 0
 74 0 6 1 0
 -38 0 3 0 0
 -117 0 7 0 0
 -113 0 8 1 0
 -39 0 5 0 0
 -11 0 7 1 0
 -89 1 14 1 0

 61 0 2 1 0
 -12 0 4 0 0
 -50 0 11 1 0
 -120 0 5 0 0
 52 0 9 0 0
 -87 0 12 1 0
 27 0 11 0 0
 35 0 12 1 0
 -117 0 7 0 0
 -32 0 11 0 0
 -118 0 14 1 0
 74 0 6 1 0
 -38 0 3 0 0
 -117 0 7 0 0
 -113 0 8 1 0
 -39 0 5 0 0
 -11 0 7 1 0
 -89 1 14 1 0

 61 0 2 1 0
 -12 0 4 0 0
 -50 0 11 1 0
 -120 0 5 0 0
 52 0 9 0 0
 -87 0 12 1 0
 27 0 11 0 0
 35 0 12 1 0
 -117 0 7 0 0
 -32 0 11 0 0
 -118 0 14 1 0
 74 0 6 1 0
 -38 0 3 0 0
 -117 0 7 0 0
 -113 0 8 1 0
 -39 0 5 0 0
 -11 0 7 1 0
 -89 1 14 1 0

 61 0 2 1 0
 -12 0 4 0 0
 -50 0 11 1 0
 -120 0 5 0 0
 52 0 9 0 0
 -87 0 12 1 0
 27 0 11 0 0
 35 0 12 1 0
 -117 0 7 0 0
 -32 0 11 0 0
 -118 0 14 1 0
 74 0 6 1 0
 -38 0 3 0 0
 -117 0 7 0 0
 -113 0 8 1 0
 -39 0 5 0 0
 -11 0 7 1 0
 -89 1 14 1 0

 61 0 2 1 0
 -12 0 4 0 0
 -50 0 11 1 0
 -120 0 5 0 0
 52 0 9 0 0
 -87 0 12 1 0
 27 0 11 0 0
 35 0 12 1 0
 -117 0 7 0 0
 -32 0 11 0 0
 -118 0 14 1 0
 74 0 6 1 0
 -38 0 3 0 0
 -117 0 7 0 0
 -113 0 8 1 0
 -39 0 5 0 0
 -11 0 7 1 0
 -89 1 14 1 0

 61 0 2 1 0
 -12 0 4 0 0
 -50 0 11 1 0
 -120 0 5 0 0
 52 0 9 0 0
 -87 0 12 1 0
 27 0 11 0 0
 35 0 12 1 0
 -117 0 7 0 0
 -32 0 11 0 0
 -118 0 14 1 0
 74 0 6 1 0
 -38 0 3 0 0
 -117 0 7 0 0
 -113 0 8 1 0
 -39 0 5 0 0
 -11 0 7 1 0
 -89 1 14 1 0

 61 0 2 1 0
 -12 0 4 0 0
 -50 0 11 1 0
 -120 0 5 0 0
 52 0 9 0 0
 -87 0 12 1 0
 27 0 11 0 0
 35 0 12 1 0
 -117 0 7 0 0
 -32 0 11 0 0
 -118 0 14 1 0
 74 0 6 1 0
 -38 0 3 0 0
 -117 0 7 0 0
 -113 0 8 1 0
 -39 0 5 0 0
 -11 0 7 1 0
 -89 1 14 1 0

 61 0 2 1 0
 -12 0 4 0 0
 -50 0 11 1 0
 -120 0 5 0 0
 52 0 9 0 0
 -87 0 12 1 0
 27 0 11 0 0
 35 0 12 1 0
 -117 0 7 0 0
 -32 0 11 0 0
 -118 0 14 1 0
 74 0 6 1 0
 -38 0 3 0 0
 -117 0 7 0 0
 -113 0 8 1 0
 -39 0 5 0 0
 -11 0 7 1 0
 -89 1 14 1 0

 61 0 2 1 0
 -12 0 4 0 0
 -50 0 11 1 0
 -120 0 5 0 0
 52 0 9 0 0
 -87 0 12 1 0
 27 0 11 0 0
 35 0 12 1 0
 -117 0 7 0 0
 -32 0 11 0 0
 -118 0 14 1 0
 74 0 6 1 0
 -38 0 3 0 0
 -117 0 7 0 0
 -113 0 8 1 0
 -39 0 5 0 0
 -11 0 7 1 0
 -89 1 14 1 0

 61 0 2 1 0
 -12 0 4 0 0
 -50 0 11 1 0
 -120 0 5 0 0
 52 0 9 0 0
 -87 0 12 1 0
 27 0 11 0 0
 35 0 12 1 0
 -117 0 7 0 0
 -32 0 11 0 0
 -118 0 14 1 0
 74 0 6 1 0
 -38 0 3 0 0
 -117 0 7 0 0
 -113 0 8 1 0
 -39 0 5 0 0
 -11 0 7 1 0
 -89 1 14 1 0

 61 0 2 1 0
 -12 0 4 0 0
 -50 0 11 1 0
 -120 0 5 0 0
 52 0 9 0 0
 -87 0 12 1 0
 27 0 11 0 0
 35 0 12 1 0
 -117 0 7 0 0
 -32 0 11 0 0
 -118 0 14 1 0
 74 0 6 1 0
 -38 0 3 0 0
 -117 0 7 0 0
 -113 0 8 1 0
 -39 0 5 0 0
 -11 0 7 1 0
 -89 1 14 1 0

 61 0 2 1 0
 -12 0 4 0 0
 -50 0 11 1 0
 -120 0 5 0 0
 52 0 9 0 0
 -87 0 12 1 0
 27 0 11 0 0
 35 0 12 1 0
 -117 0 7 0 0
 -32 0 11 0 0
 -118 0 14 1 0
 74 0 6 1 0
 -38 0 3 0 0
 -117 0 7 0 0
 -113 0 8 1 0
 -39 0 5 0 0
 -11 0 7 1 0
 -89 1 14 1 0

 61 0 2 1 0
 -12 0 4 0 0
 -50 0 11 1 0
 -120 0 5 0 0
 52 0 9 0 0
 -87 0 12 1 0
 27 0 11 0 0
 35 0 12 1 0
 -117 0 7 0 0
 -32 0 11 0 0
 -118 0 14 1 0
 74 0 6 1 0
 -38 0 3 0 0
 -117 0 7 0 0
 -113 0 8 1 0
 -39 0 5 0 0
 -11 0 7 1 0
 -89 1 14 1 0

 61 0 2 1 0
 -12 0 4 0 0
 -50 0 11 1 0
 -120 0 5 0 0
 52 0 9 0 0
 -87 0 12 1 0
 27 0 11 0 0
 35 0 12 1 0
 -117 0 7 0 0
 -32 0 11 0 0
 -118 0 14 1 0
 74 0 6 1 0
 -38 0 3 0 0
 -117 0 7 0 0
 -113 0 8 1 0
 -39 0 5 0 0
 -11 0 7 1 0
 -89 1 14 1 0

 61 0 2 1 0
 -12 0 4 0 0
 -50 0 11 1 0
 -120 0 5 0 0
 52 0 9 0 0
 -87 0 12 1 0
 27 0 11 0 0
 35 0 12 1 0
 -117 0 7 0 0
 -32 0 11 0 0
 -118 0 14 1 0
 74 0 6 1 0
 -38 0 3 0 0
 -117 0 7 0 0
 -113 0 8 1 0
 -39 0 5 0 0
 -11 0 7 1 0
 -89 1 14 1 0

