 126 0 0 1 0
 -117 0 0 0 0
 -67 0 3 1 0
 0 0 0 1 0
 2 0 5 0 0
 -55 0 9 1 0
 65 0 10 0 0
 -117 0 13 1 0
 0 0 0 1 0
 19 0 1 0 0
 -111 0 5 1 0
 9 0 6 0 0
 -63 0 7 1 0
 77 0 6 0 0
 108 1 7 1 0

 126 0 0 1 0
 -117 0 0 0 0
 -67 0 3 1 0
 0 0 0 1 0
 2 0 5 0 0
 -55 0 9 1 0
 65 0 10 0 0
 -117 0 13 1 0
 0 0 0 1 0
 19 0 1 0 0
 -111 0 5 1 0
 9 0 6 0 0
 -63 0 7 1 0
 77 0 6 0 0
 108 1 7 1 0

 126 0 0 1 0
 -117 0 0 0 0
 -67 0 3 1 0
 0 0 0 1 0
 2 0 5 0 0
 -55 0 9 1 0
 65 0 10 0 0
 -117 0 13 1 0
 0 0 0 1 0
 19 0 1 0 0
 -111 0 5 1 0
 9 0 6 0 0
 -63 0 7 1 0
 77 0 6 0 0
 108 1 7 1 0

 126 0 0 1 0
 -117 0 0 0 0
 -67 0 3 1 0
 0 0 0 1 0
 2 0 5 0 0
 -55 0 9 1 0
 65 0 10 0 0
 -117 0 13 1 0
 0 0 0 1 0
 19 0 1 0 0
 -111 0 5 1 0
 9 0 6 0 0
 -63 0 7 1 0
 77 0 6 0 0
 108 1 7 1 0

 126 0 0 1 0
 -117 0 0 0 0
 -67 0 3 1 0
 0 0 0 1 0
 2 0 5 0 0
 -55 0 9 1 0
 65 0 10 0 0
 -117 0 13 1 0
 0 0 0 1 0
 19 0 1 0 0
 -111 0 5 1 0
 9 0 6 0 0
 -63 0 7 1 0
 77 0 6 0 0
 108 1 7 1 0

 126 0 0 1 0
 -117 0 0 0 0
 -67 0 3 1 0
 0 0 0 1 0
 2 0 5 0 0
 -55 0 9 1 0
 65 0 10 0 0
 -117 0 13 1 0
 0 0 0 1 0
 19 0 1 0 0
 -111 0 5 1 0
 9 0 6 0 0
 -63 0 7 1 0
 77 0 6 0 0
 108 1 7 1 0

 126 0 0 1 0
 -117 0 0 0 0
 -67 0 3 1 0
 0 0 0 1 0
 2 0 5 0 0
 -55 0 9 1 0
 65 0 10 0 0
 -117 0 13 1 0
 0 0 0 1 0
 19 0 1 0 0
 -111 0 5 1 0
 9 0 6 0 0
 -63 0 7 1 0
 77 0 6 0 0
 108 1 7 1 0

 126 0 0 1 0
 -117 0 0 0 0
 -67 0 3 1 0
 0 0 0 1 0
 2 0 5 0 0
 -55 0 9 1 0
 65 0 10 0 0
 -117 0 13 1 0
 0 0 0 1 0
 19 0 1 0 0
 -111 0 5 1 0
 9 0 6 0 0
 -63 0 7 1 0
 77 0 6 0 0
 108 1 7 1 0

 126 0 0 1 0
 -117 0 0 0 0
 -67 0 3 1 0
 0 0 0 1 0
 2 0 5 0 0
 -55 0 9 1 0
 65 0 10 0 0
 -117 0 13 1 0
 0 0 0 1 0
 19 0 1 0 0
 -111 0 5 1 0
 9 0 6 0 0
 -63 0 7 1 0
 77 0 6 0 0
 108 1 7 1 0

 126 0 0 1 0
 -117 0 0 0 0
 -67 0 3 1 0
 0 0 0 1 0
 2 0 5 0 0
 -55 0 9 1 0
 65 0 10 0 0
 -117 0 13 1 0
 0 0 0 1 0
 19 0 1 0 0
 -111 0 5 1 0
 9 0 6 0 0
 -63 0 7 1 0
 77 0 6 0 0
 108 1 7 1 0

 126 0 0 1 0
 -117 0 0 0 0
 -67 0 3 1 0
 0 0 0 1 0
 2 0 5 0 0
 -55 0 9 1 0
 65 0 10 0 0
 -117 0 13 1 0
 0 0 0 1 0
 19 0 1 0 0
 -111 0 5 1 0
 9 0 6 0 0
 -63 0 7 1 0
 77 0 6 0 0
 108 1 7 1 0

 126 0 0 1 0
 -117 0 0 0 0
 -67 0 3 1 0
 0 0 0 1 0
 2 0 5 0 0
 -55 0 9 1 0
 65 0 10 0 0
 -117 0 13 1 0
 0 0 0 1 0
 19 0 1 0 0
 -111 0 5 1 0
 9 0 6 0 0
 -63 0 7 1 0
 77 0 6 0 0
 108 1 7 1 0

 126 0 0 1 0
 -117 0 0 0 0
 -67 0 3 1 0
 0 0 0 1 0
 2 0 5 0 0
 -55 0 9 1 0
 65 0 10 0 0
 -117 0 13 1 0
 0 0 0 1 0
 19 0 1 0 0
 -111 0 5 1 0
 9 0 6 0 0
 -63 0 7 1 0
 77 0 6 0 0
 108 1 7 1 0

 126 0 0 1 0
 -117 0 0 0 0
 -67 0 3 1 0
 0 0 0 1 0
 2 0 5 0 0
 -55 0 9 1 0
 65 0 10 0 0
 -117 0 13 1 0
 0 0 0 1 0
 19 0 1 0 0
 -111 0 5 1 0
 9 0 6 0 0
 -63 0 7 1 0
 77 0 6 0 0
 108 1 7 1 0

 126 0 0 1 0
 -117 0 0 0 0
 -67 0 3 1 0
 0 0 0 1 0
 2 0 5 0 0
 -55 0 9 1 0
 65 0 10 0 0
 -117 0 13 1 0
 0 0 0 1 0
 19 0 1 0 0
 -111 0 5 1 0
 9 0 6 0 0
 -63 0 7 1 0
 77 0 6 0 0
 108 1 7 1 0

 126 0 0 1 0
 -117 0 0 0 0
 -67 0 3 1 0
 0 0 0 1 0
 2 0 5 0 0
 -55 0 9 1 0
 65 0 10 0 0
 -117 0 13 1 0
 0 0 0 1 0
 19 0 1 0 0
 -111 0 5 1 0
 9 0 6 0 0
 -63 0 7 1 0
 77 0 6 0 0
 108 1 7 1 0

 126 0 0 1 0
 -117 0 0 0 0
 -67 0 3 1 0
 0 0 0 1 0
 2 0 5 0 0
 -55 0 9 1 0
 65 0 10 0 0
 -117 0 13 1 0
 0 0 0 1 0
 19 0 1 0 0
 -111 0 5 1 0
 9 0 6 0 0
 -63 0 7 1 0
 77 0 6 0 0
 108 1 7 1 0

 126 0 0 1 0
 -117 0 0 0 0
 -67 0 3 1 0
 0 0 0 1 0
 2 0 5 0 0
 -55 0 9 1 0
 65 0 10 0 0
 -117 0 13 1 0
 0 0 0 1 0
 19 0 1 0 0
 -111 0 5 1 0
 9 0 6 0 0
 -63 0 7 1 0
 77 0 6 0 0
 108 1 7 1 0

 126 0 0 1 0
 -117 0 0 0 0
 -67 0 3 1 0
 0 0 0 1 0
 2 0 5 0 0
 -55 0 9 1 0
 65 0 10 0 0
 -117 0 13 1 0
 0 0 0 1 0
 19 0 1 0 0
 -111 0 5 1 0
 9 0 6 0 0
 -63 0 7 1 0
 77 0 6 0 0
 108 1 7 1 0

 126 0 0 1 0
 -117 0 0 0 0
 -67 0 3 1 0
 0 0 0 1 0
 2 0 5 0 0
 -55 0 9 1 0
 65 0 10 0 0
 -117 0 13 1 0
 0 0 0 1 0
 19 0 1 0 0
 -111 0 5 1 0
 9 0 6 0 0
 -63 0 7 1 0
 77 0 6 0 0
 108 1 7 1 0

 126 0 0 1 0
 -117 0 0 0 0
 -67 0 3 1 0
 0 0 0 1 0
 2 0 5 0 0
 -55 0 9 1 0
 65 0 10 0 0
 -117 0 13 1 0
 0 0 0 1 0
 19 0 1 0 0
 -111 0 5 1 0
 9 0 6 0 0
 -63 0 7 1 0
 77 0 6 0 0
 108 1 7 1 0

 126 0 0 1 0
 -117 0 0 0 0
 -67 0 3 1 0
 0 0 0 1 0
 2 0 5 0 0
 -55 0 9 1 0
 65 0 10 0 0
 -117 0 13 1 0
 0 0 0 1 0
 19 0 1 0 0
 -111 0 5 1 0
 9 0 6 0 0
 -63 0 7 1 0
 77 0 6 0 0
 108 1 7 1 0

 126 0 0 1 0
 -117 0 0 0 0
 -67 0 3 1 0
 0 0 0 1 0
 2 0 5 0 0
 -55 0 9 1 0
 65 0 10 0 0
 -117 0 13 1 0
 0 0 0 1 0
 19 0 1 0 0
 -111 0 5 1 0
 9 0 6 0 0
 -63 0 7 1 0
 77 0 6 0 0
 108 1 7 1 0

 126 0 0 1 0
 -117 0 0 0 0
 -67 0 3 1 0
 0 0 0 1 0
 2 0 5 0 0
 -55 0 9 1 0
 65 0 10 0 0
 -117 0 13 1 0
 0 0 0 1 0
 19 0 1 0 0
 -111 0 5 1 0
 9 0 6 0 0
 -63 0 7 1 0
 77 0 6 0 0
 108 1 7 1 0

 126 0 0 1 0
 -117 0 0 0 0
 -67 0 3 1 0
 0 0 0 1 0
 2 0 5 0 0
 -55 0 9 1 0
 65 0 10 0 0
 -117 0 13 1 0
 0 0 0 1 0
 19 0 1 0 0
 -111 0 5 1 0
 9 0 6 0 0
 -63 0 7 1 0
 77 0 6 0 0
 108 1 7 1 0

 126 0 0 1 0
 -117 0 0 0 0
 -67 0 3 1 0
 0 0 0 1 0
 2 0 5 0 0
 -55 0 9 1 0
 65 0 10 0 0
 -117 0 13 1 0
 0 0 0 1 0
 19 0 1 0 0
 -111 0 5 1 0
 9 0 6 0 0
 -63 0 7 1 0
 77 0 6 0 0
 108 1 7 1 0

 126 0 0 1 0
 -117 0 0 0 0
 -67 0 3 1 0
 0 0 0 1 0
 2 0 5 0 0
 -55 0 9 1 0
 65 0 10 0 0
 -117 0 13 1 0
 0 0 0 1 0
 19 0 1 0 0
 -111 0 5 1 0
 9 0 6 0 0
 -63 0 7 1 0
 77 0 6 0 0
 108 1 7 1 0

 126 0 0 1 0
 -117 0 0 0 0
 -67 0 3 1 0
 0 0 0 1 0
 2 0 5 0 0
 -55 0 9 1 0
 65 0 10 0 0
 -117 0 13 1 0
 0 0 0 1 0
 19 0 1 0 0
 -111 0 5 1 0
 9 0 6 0 0
 -63 0 7 1 0
 77 0 6 0 0
 108 1 7 1 0

 126 0 0 1 0
 -117 0 0 0 0
 -67 0 3 1 0
 0 0 0 1 0
 2 0 5 0 0
 -55 0 9 1 0
 65 0 10 0 0
 -117 0 13 1 0
 0 0 0 1 0
 19 0 1 0 0
 -111 0 5 1 0
 9 0 6 0 0
 -63 0 7 1 0
 77 0 6 0 0
 108 1 7 1 0

 126 0 0 1 0
 -117 0 0 0 0
 -67 0 3 1 0
 0 0 0 1 0
 2 0 5 0 0
 -55 0 9 1 0
 65 0 10 0 0
 -117 0 13 1 0
 0 0 0 1 0
 19 0 1 0 0
 -111 0 5 1 0
 9 0 6 0 0
 -63 0 7 1 0
 77 0 6 0 0
 108 1 7 1 0

 126 0 0 1 0
 -117 0 0 0 0
 -67 0 3 1 0
 0 0 0 1 0
 2 0 5 0 0
 -55 0 9 1 0
 65 0 10 0 0
 -117 0 13 1 0
 0 0 0 1 0
 19 0 1 0 0
 -111 0 5 1 0
 9 0 6 0 0
 -63 0 7 1 0
 77 0 6 0 0
 108 1 7 1 0

 126 0 0 1 0
 -117 0 0 0 0
 -67 0 3 1 0
 0 0 0 1 0
 2 0 5 0 0
 -55 0 9 1 0
 65 0 10 0 0
 -117 0 13 1 0
 0 0 0 1 0
 19 0 1 0 0
 -111 0 5 1 0
 9 0 6 0 0
 -63 0 7 1 0
 77 0 6 0 0
 108 1 7 1 0

 126 0 0 1 0
 -117 0 0 0 0
 -67 0 3 1 0
 0 0 0 1 0
 2 0 5 0 0
 -55 0 9 1 0
 65 0 10 0 0
 -117 0 13 1 0
 0 0 0 1 0
 19 0 1 0 0
 -111 0 5 1 0
 9 0 6 0 0
 -63 0 7 1 0
 77 0 6 0 0
 108 1 7 1 0

 126 0 0 1 0
 -117 0 0 0 0
 -67 0 3 1 0
 0 0 0 1 0
 2 0 5 0 0
 -55 0 9 1 0
 65 0 10 0 0
 -117 0 13 1 0
 0 0 0 1 0
 19 0 1 0 0
 -111 0 5 1 0
 9 0 6 0 0
 -63 0 7 1 0
 77 0 6 0 0
 108 1 7 1 0

 126 0 0 1 0
 -117 0 0 0 0
 -67 0 3 1 0
 0 0 0 1 0
 2 0 5 0 0
 -55 0 9 1 0
 65 0 10 0 0
 -117 0 13 1 0
 0 0 0 1 0
 19 0 1 0 0
 -111 0 5 1 0
 9 0 6 0 0
 -63 0 7 1 0
 77 0 6 0 0
 108 1 7 1 0

 126 0 0 1 0
 -117 0 0 0 0
 -67 0 3 1 0
 0 0 0 1 0
 2 0 5 0 0
 -55 0 9 1 0
 65 0 10 0 0
 -117 0 13 1 0
 0 0 0 1 0
 19 0 1 0 0
 -111 0 5 1 0
 9 0 6 0 0
 -63 0 7 1 0
 77 0 6 0 0
 108 1 7 1 0

