 -95 0 3 1 0
 64 0 4 0 0
 -64 0 13 0 0
 11 0 15 1 0
 103 0 3 0 0
 -110 0 5 0 0
 108 0 10 1 0
 105 0 0 0 0
 14 0 8 1 0
 28 0 8 1 0
 0 0 0 1 0
 -108 0 1 1 0
 -22 0 5 0 0
 -30 0 10 1 0
 53 0 10 0 0
 23 1 13 1 0

 -95 0 3 1 0
 64 0 4 0 0
 -64 0 13 0 0
 11 0 15 1 0
 103 0 3 0 0
 -110 0 5 0 0
 108 0 10 1 0
 105 0 0 0 0
 14 0 8 1 0
 28 0 8 1 0
 0 0 0 1 0
 -108 0 1 1 0
 -22 0 5 0 0
 -30 0 10 1 0
 53 0 10 0 0
 23 1 13 1 0

 -95 0 3 1 0
 64 0 4 0 0
 -64 0 13 0 0
 11 0 15 1 0
 103 0 3 0 0
 -110 0 5 0 0
 108 0 10 1 0
 105 0 0 0 0
 14 0 8 1 0
 28 0 8 1 0
 0 0 0 1 0
 -108 0 1 1 0
 -22 0 5 0 0
 -30 0 10 1 0
 53 0 10 0 0
 23 1 13 1 0

 -95 0 3 1 0
 64 0 4 0 0
 -64 0 13 0 0
 11 0 15 1 0
 103 0 3 0 0
 -110 0 5 0 0
 108 0 10 1 0
 105 0 0 0 0
 14 0 8 1 0
 28 0 8 1 0
 0 0 0 1 0
 -108 0 1 1 0
 -22 0 5 0 0
 -30 0 10 1 0
 53 0 10 0 0
 23 1 13 1 0

 -95 0 3 1 0
 64 0 4 0 0
 -64 0 13 0 0
 11 0 15 1 0
 103 0 3 0 0
 -110 0 5 0 0
 108 0 10 1 0
 105 0 0 0 0
 14 0 8 1 0
 28 0 8 1 0
 0 0 0 1 0
 -108 0 1 1 0
 -22 0 5 0 0
 -30 0 10 1 0
 53 0 10 0 0
 23 1 13 1 0

 -95 0 3 1 0
 64 0 4 0 0
 -64 0 13 0 0
 11 0 15 1 0
 103 0 3 0 0
 -110 0 5 0 0
 108 0 10 1 0
 105 0 0 0 0
 14 0 8 1 0
 28 0 8 1 0
 0 0 0 1 0
 -108 0 1 1 0
 -22 0 5 0 0
 -30 0 10 1 0
 53 0 10 0 0
 23 1 13 1 0

 -95 0 3 1 0
 64 0 4 0 0
 -64 0 13 0 0
 11 0 15 1 0
 103 0 3 0 0
 -110 0 5 0 0
 108 0 10 1 0
 105 0 0 0 0
 14 0 8 1 0
 28 0 8 1 0
 0 0 0 1 0
 -108 0 1 1 0
 -22 0 5 0 0
 -30 0 10 1 0
 53 0 10 0 0
 23 1 13 1 0

 -95 0 3 1 0
 64 0 4 0 0
 -64 0 13 0 0
 11 0 15 1 0
 103 0 3 0 0
 -110 0 5 0 0
 108 0 10 1 0
 105 0 0 0 0
 14 0 8 1 0
 28 0 8 1 0
 0 0 0 1 0
 -108 0 1 1 0
 -22 0 5 0 0
 -30 0 10 1 0
 53 0 10 0 0
 23 1 13 1 0

 -95 0 3 1 0
 64 0 4 0 0
 -64 0 13 0 0
 11 0 15 1 0
 103 0 3 0 0
 -110 0 5 0 0
 108 0 10 1 0
 105 0 0 0 0
 14 0 8 1 0
 28 0 8 1 0
 0 0 0 1 0
 -108 0 1 1 0
 -22 0 5 0 0
 -30 0 10 1 0
 53 0 10 0 0
 23 1 13 1 0

 -95 0 3 1 0
 64 0 4 0 0
 -64 0 13 0 0
 11 0 15 1 0
 103 0 3 0 0
 -110 0 5 0 0
 108 0 10 1 0
 105 0 0 0 0
 14 0 8 1 0
 28 0 8 1 0
 0 0 0 1 0
 -108 0 1 1 0
 -22 0 5 0 0
 -30 0 10 1 0
 53 0 10 0 0
 23 1 13 1 0

 -95 0 3 1 0
 64 0 4 0 0
 -64 0 13 0 0
 11 0 15 1 0
 103 0 3 0 0
 -110 0 5 0 0
 108 0 10 1 0
 105 0 0 0 0
 14 0 8 1 0
 28 0 8 1 0
 0 0 0 1 0
 -108 0 1 1 0
 -22 0 5 0 0
 -30 0 10 1 0
 53 0 10 0 0
 23 1 13 1 0

 -95 0 3 1 0
 64 0 4 0 0
 -64 0 13 0 0
 11 0 15 1 0
 103 0 3 0 0
 -110 0 5 0 0
 108 0 10 1 0
 105 0 0 0 0
 14 0 8 1 0
 28 0 8 1 0
 0 0 0 1 0
 -108 0 1 1 0
 -22 0 5 0 0
 -30 0 10 1 0
 53 0 10 0 0
 23 1 13 1 0

 -95 0 3 1 0
 64 0 4 0 0
 -64 0 13 0 0
 11 0 15 1 0
 103 0 3 0 0
 -110 0 5 0 0
 108 0 10 1 0
 105 0 0 0 0
 14 0 8 1 0
 28 0 8 1 0
 0 0 0 1 0
 -108 0 1 1 0
 -22 0 5 0 0
 -30 0 10 1 0
 53 0 10 0 0
 23 1 13 1 0

 -95 0 3 1 0
 64 0 4 0 0
 -64 0 13 0 0
 11 0 15 1 0
 103 0 3 0 0
 -110 0 5 0 0
 108 0 10 1 0
 105 0 0 0 0
 14 0 8 1 0
 28 0 8 1 0
 0 0 0 1 0
 -108 0 1 1 0
 -22 0 5 0 0
 -30 0 10 1 0
 53 0 10 0 0
 23 1 13 1 0

 -95 0 3 1 0
 64 0 4 0 0
 -64 0 13 0 0
 11 0 15 1 0
 103 0 3 0 0
 -110 0 5 0 0
 108 0 10 1 0
 105 0 0 0 0
 14 0 8 1 0
 28 0 8 1 0
 0 0 0 1 0
 -108 0 1 1 0
 -22 0 5 0 0
 -30 0 10 1 0
 53 0 10 0 0
 23 1 13 1 0

 -95 0 3 1 0
 64 0 4 0 0
 -64 0 13 0 0
 11 0 15 1 0
 103 0 3 0 0
 -110 0 5 0 0
 108 0 10 1 0
 105 0 0 0 0
 14 0 8 1 0
 28 0 8 1 0
 0 0 0 1 0
 -108 0 1 1 0
 -22 0 5 0 0
 -30 0 10 1 0
 53 0 10 0 0
 23 1 13 1 0

 -95 0 3 1 0
 64 0 4 0 0
 -64 0 13 0 0
 11 0 15 1 0
 103 0 3 0 0
 -110 0 5 0 0
 108 0 10 1 0
 105 0 0 0 0
 14 0 8 1 0
 28 0 8 1 0
 0 0 0 1 0
 -108 0 1 1 0
 -22 0 5 0 0
 -30 0 10 1 0
 53 0 10 0 0
 23 1 13 1 0

 -95 0 3 1 0
 64 0 4 0 0
 -64 0 13 0 0
 11 0 15 1 0
 103 0 3 0 0
 -110 0 5 0 0
 108 0 10 1 0
 105 0 0 0 0
 14 0 8 1 0
 28 0 8 1 0
 0 0 0 1 0
 -108 0 1 1 0
 -22 0 5 0 0
 -30 0 10 1 0
 53 0 10 0 0
 23 1 13 1 0

 -95 0 3 1 0
 64 0 4 0 0
 -64 0 13 0 0
 11 0 15 1 0
 103 0 3 0 0
 -110 0 5 0 0
 108 0 10 1 0
 105 0 0 0 0
 14 0 8 1 0
 28 0 8 1 0
 0 0 0 1 0
 -108 0 1 1 0
 -22 0 5 0 0
 -30 0 10 1 0
 53 0 10 0 0
 23 1 13 1 0

 -95 0 3 1 0
 64 0 4 0 0
 -64 0 13 0 0
 11 0 15 1 0
 103 0 3 0 0
 -110 0 5 0 0
 108 0 10 1 0
 105 0 0 0 0
 14 0 8 1 0
 28 0 8 1 0
 0 0 0 1 0
 -108 0 1 1 0
 -22 0 5 0 0
 -30 0 10 1 0
 53 0 10 0 0
 23 1 13 1 0

 -95 0 3 1 0
 64 0 4 0 0
 -64 0 13 0 0
 11 0 15 1 0
 103 0 3 0 0
 -110 0 5 0 0
 108 0 10 1 0
 105 0 0 0 0
 14 0 8 1 0
 28 0 8 1 0
 0 0 0 1 0
 -108 0 1 1 0
 -22 0 5 0 0
 -30 0 10 1 0
 53 0 10 0 0
 23 1 13 1 0

 -95 0 3 1 0
 64 0 4 0 0
 -64 0 13 0 0
 11 0 15 1 0
 103 0 3 0 0
 -110 0 5 0 0
 108 0 10 1 0
 105 0 0 0 0
 14 0 8 1 0
 28 0 8 1 0
 0 0 0 1 0
 -108 0 1 1 0
 -22 0 5 0 0
 -30 0 10 1 0
 53 0 10 0 0
 23 1 13 1 0

 -95 0 3 1 0
 64 0 4 0 0
 -64 0 13 0 0
 11 0 15 1 0
 103 0 3 0 0
 -110 0 5 0 0
 108 0 10 1 0
 105 0 0 0 0
 14 0 8 1 0
 28 0 8 1 0
 0 0 0 1 0
 -108 0 1 1 0
 -22 0 5 0 0
 -30 0 10 1 0
 53 0 10 0 0
 23 1 13 1 0

 -95 0 3 1 0
 64 0 4 0 0
 -64 0 13 0 0
 11 0 15 1 0
 103 0 3 0 0
 -110 0 5 0 0
 108 0 10 1 0
 105 0 0 0 0
 14 0 8 1 0
 28 0 8 1 0
 0 0 0 1 0
 -108 0 1 1 0
 -22 0 5 0 0
 -30 0 10 1 0
 53 0 10 0 0
 23 1 13 1 0

 -95 0 3 1 0
 64 0 4 0 0
 -64 0 13 0 0
 11 0 15 1 0
 103 0 3 0 0
 -110 0 5 0 0
 108 0 10 1 0
 105 0 0 0 0
 14 0 8 1 0
 28 0 8 1 0
 0 0 0 1 0
 -108 0 1 1 0
 -22 0 5 0 0
 -30 0 10 1 0
 53 0 10 0 0
 23 1 13 1 0

 -95 0 3 1 0
 64 0 4 0 0
 -64 0 13 0 0
 11 0 15 1 0
 103 0 3 0 0
 -110 0 5 0 0
 108 0 10 1 0
 105 0 0 0 0
 14 0 8 1 0
 28 0 8 1 0
 0 0 0 1 0
 -108 0 1 1 0
 -22 0 5 0 0
 -30 0 10 1 0
 53 0 10 0 0
 23 1 13 1 0

 -95 0 3 1 0
 64 0 4 0 0
 -64 0 13 0 0
 11 0 15 1 0
 103 0 3 0 0
 -110 0 5 0 0
 108 0 10 1 0
 105 0 0 0 0
 14 0 8 1 0
 28 0 8 1 0
 0 0 0 1 0
 -108 0 1 1 0
 -22 0 5 0 0
 -30 0 10 1 0
 53 0 10 0 0
 23 1 13 1 0

 -95 0 3 1 0
 64 0 4 0 0
 -64 0 13 0 0
 11 0 15 1 0
 103 0 3 0 0
 -110 0 5 0 0
 108 0 10 1 0
 105 0 0 0 0
 14 0 8 1 0
 28 0 8 1 0
 0 0 0 1 0
 -108 0 1 1 0
 -22 0 5 0 0
 -30 0 10 1 0
 53 0 10 0 0
 23 1 13 1 0

 -95 0 3 1 0
 64 0 4 0 0
 -64 0 13 0 0
 11 0 15 1 0
 103 0 3 0 0
 -110 0 5 0 0
 108 0 10 1 0
 105 0 0 0 0
 14 0 8 1 0
 28 0 8 1 0
 0 0 0 1 0
 -108 0 1 1 0
 -22 0 5 0 0
 -30 0 10 1 0
 53 0 10 0 0
 23 1 13 1 0

 -95 0 3 1 0
 64 0 4 0 0
 -64 0 13 0 0
 11 0 15 1 0
 103 0 3 0 0
 -110 0 5 0 0
 108 0 10 1 0
 105 0 0 0 0
 14 0 8 1 0
 28 0 8 1 0
 0 0 0 1 0
 -108 0 1 1 0
 -22 0 5 0 0
 -30 0 10 1 0
 53 0 10 0 0
 23 1 13 1 0

 -95 0 3 1 0
 64 0 4 0 0
 -64 0 13 0 0
 11 0 15 1 0
 103 0 3 0 0
 -110 0 5 0 0
 108 0 10 1 0
 105 0 0 0 0
 14 0 8 1 0
 28 0 8 1 0
 0 0 0 1 0
 -108 0 1 1 0
 -22 0 5 0 0
 -30 0 10 1 0
 53 0 10 0 0
 23 1 13 1 0

 -95 0 3 1 0
 64 0 4 0 0
 -64 0 13 0 0
 11 0 15 1 0
 103 0 3 0 0
 -110 0 5 0 0
 108 0 10 1 0
 105 0 0 0 0
 14 0 8 1 0
 28 0 8 1 0
 0 0 0 1 0
 -108 0 1 1 0
 -22 0 5 0 0
 -30 0 10 1 0
 53 0 10 0 0
 23 1 13 1 0

 -95 0 3 1 0
 64 0 4 0 0
 -64 0 13 0 0
 11 0 15 1 0
 103 0 3 0 0
 -110 0 5 0 0
 108 0 10 1 0
 105 0 0 0 0
 14 0 8 1 0
 28 0 8 1 0
 0 0 0 1 0
 -108 0 1 1 0
 -22 0 5 0 0
 -30 0 10 1 0
 53 0 10 0 0
 23 1 13 1 0

 -95 0 3 1 0
 64 0 4 0 0
 -64 0 13 0 0
 11 0 15 1 0
 103 0 3 0 0
 -110 0 5 0 0
 108 0 10 1 0
 105 0 0 0 0
 14 0 8 1 0
 28 0 8 1 0
 0 0 0 1 0
 -108 0 1 1 0
 -22 0 5 0 0
 -30 0 10 1 0
 53 0 10 0 0
 23 1 13 1 0

 -95 0 3 1 0
 64 0 4 0 0
 -64 0 13 0 0
 11 0 15 1 0
 103 0 3 0 0
 -110 0 5 0 0
 108 0 10 1 0
 105 0 0 0 0
 14 0 8 1 0
 28 0 8 1 0
 0 0 0 1 0
 -108 0 1 1 0
 -22 0 5 0 0
 -30 0 10 1 0
 53 0 10 0 0
 23 1 13 1 0

 -95 0 3 1 0
 64 0 4 0 0
 -64 0 13 0 0
 11 0 15 1 0
 103 0 3 0 0
 -110 0 5 0 0
 108 0 10 1 0
 105 0 0 0 0
 14 0 8 1 0
 28 0 8 1 0
 0 0 0 1 0
 -108 0 1 1 0
 -22 0 5 0 0
 -30 0 10 1 0
 53 0 10 0 0
 23 1 13 1 0

