 -8 0 2 0 0
 -51 0 11 1 0
 0 0 0 1 0
 -65 0 14 1 0
 127 0 1 0 0
 -49 0 6 1 0
 116 0 9 1 0
 -4 0 4 0 0
 17 0 10 0 0
 60 0 11 0 0
 54 0 13 1 0
 -41 0 7 0 0
 119 0 15 1 0
 -34 0 0 1 0
 72 0 0 0 0
 -37 0 3 0 0
 77 1 11 1 0

 -8 0 2 0 0
 -51 0 11 1 0
 0 0 0 1 0
 -65 0 14 1 0
 127 0 1 0 0
 -49 0 6 1 0
 116 0 9 1 0
 -4 0 4 0 0
 17 0 10 0 0
 60 0 11 0 0
 54 0 13 1 0
 -41 0 7 0 0
 119 0 15 1 0
 -34 0 0 1 0
 72 0 0 0 0
 -37 0 3 0 0
 77 1 11 1 0

 -8 0 2 0 0
 -51 0 11 1 0
 0 0 0 1 0
 -65 0 14 1 0
 127 0 1 0 0
 -49 0 6 1 0
 116 0 9 1 0
 -4 0 4 0 0
 17 0 10 0 0
 60 0 11 0 0
 54 0 13 1 0
 -41 0 7 0 0
 119 0 15 1 0
 -34 0 0 1 0
 72 0 0 0 0
 -37 0 3 0 0
 77 1 11 1 0

 -8 0 2 0 0
 -51 0 11 1 0
 0 0 0 1 0
 -65 0 14 1 0
 127 0 1 0 0
 -49 0 6 1 0
 116 0 9 1 0
 -4 0 4 0 0
 17 0 10 0 0
 60 0 11 0 0
 54 0 13 1 0
 -41 0 7 0 0
 119 0 15 1 0
 -34 0 0 1 0
 72 0 0 0 0
 -37 0 3 0 0
 77 1 11 1 0

 -8 0 2 0 0
 -51 0 11 1 0
 0 0 0 1 0
 -65 0 14 1 0
 127 0 1 0 0
 -49 0 6 1 0
 116 0 9 1 0
 -4 0 4 0 0
 17 0 10 0 0
 60 0 11 0 0
 54 0 13 1 0
 -41 0 7 0 0
 119 0 15 1 0
 -34 0 0 1 0
 72 0 0 0 0
 -37 0 3 0 0
 77 1 11 1 0

 -8 0 2 0 0
 -51 0 11 1 0
 0 0 0 1 0
 -65 0 14 1 0
 127 0 1 0 0
 -49 0 6 1 0
 116 0 9 1 0
 -4 0 4 0 0
 17 0 10 0 0
 60 0 11 0 0
 54 0 13 1 0
 -41 0 7 0 0
 119 0 15 1 0
 -34 0 0 1 0
 72 0 0 0 0
 -37 0 3 0 0
 77 1 11 1 0

 -8 0 2 0 0
 -51 0 11 1 0
 0 0 0 1 0
 -65 0 14 1 0
 127 0 1 0 0
 -49 0 6 1 0
 116 0 9 1 0
 -4 0 4 0 0
 17 0 10 0 0
 60 0 11 0 0
 54 0 13 1 0
 -41 0 7 0 0
 119 0 15 1 0
 -34 0 0 1 0
 72 0 0 0 0
 -37 0 3 0 0
 77 1 11 1 0

 -8 0 2 0 0
 -51 0 11 1 0
 0 0 0 1 0
 -65 0 14 1 0
 127 0 1 0 0
 -49 0 6 1 0
 116 0 9 1 0
 -4 0 4 0 0
 17 0 10 0 0
 60 0 11 0 0
 54 0 13 1 0
 -41 0 7 0 0
 119 0 15 1 0
 -34 0 0 1 0
 72 0 0 0 0
 -37 0 3 0 0
 77 1 11 1 0

 -8 0 2 0 0
 -51 0 11 1 0
 0 0 0 1 0
 -65 0 14 1 0
 127 0 1 0 0
 -49 0 6 1 0
 116 0 9 1 0
 -4 0 4 0 0
 17 0 10 0 0
 60 0 11 0 0
 54 0 13 1 0
 -41 0 7 0 0
 119 0 15 1 0
 -34 0 0 1 0
 72 0 0 0 0
 -37 0 3 0 0
 77 1 11 1 0

 -8 0 2 0 0
 -51 0 11 1 0
 0 0 0 1 0
 -65 0 14 1 0
 127 0 1 0 0
 -49 0 6 1 0
 116 0 9 1 0
 -4 0 4 0 0
 17 0 10 0 0
 60 0 11 0 0
 54 0 13 1 0
 -41 0 7 0 0
 119 0 15 1 0
 -34 0 0 1 0
 72 0 0 0 0
 -37 0 3 0 0
 77 1 11 1 0

 -8 0 2 0 0
 -51 0 11 1 0
 0 0 0 1 0
 -65 0 14 1 0
 127 0 1 0 0
 -49 0 6 1 0
 116 0 9 1 0
 -4 0 4 0 0
 17 0 10 0 0
 60 0 11 0 0
 54 0 13 1 0
 -41 0 7 0 0
 119 0 15 1 0
 -34 0 0 1 0
 72 0 0 0 0
 -37 0 3 0 0
 77 1 11 1 0

 -8 0 2 0 0
 -51 0 11 1 0
 0 0 0 1 0
 -65 0 14 1 0
 127 0 1 0 0
 -49 0 6 1 0
 116 0 9 1 0
 -4 0 4 0 0
 17 0 10 0 0
 60 0 11 0 0
 54 0 13 1 0
 -41 0 7 0 0
 119 0 15 1 0
 -34 0 0 1 0
 72 0 0 0 0
 -37 0 3 0 0
 77 1 11 1 0

 -8 0 2 0 0
 -51 0 11 1 0
 0 0 0 1 0
 -65 0 14 1 0
 127 0 1 0 0
 -49 0 6 1 0
 116 0 9 1 0
 -4 0 4 0 0
 17 0 10 0 0
 60 0 11 0 0
 54 0 13 1 0
 -41 0 7 0 0
 119 0 15 1 0
 -34 0 0 1 0
 72 0 0 0 0
 -37 0 3 0 0
 77 1 11 1 0

 -8 0 2 0 0
 -51 0 11 1 0
 0 0 0 1 0
 -65 0 14 1 0
 127 0 1 0 0
 -49 0 6 1 0
 116 0 9 1 0
 -4 0 4 0 0
 17 0 10 0 0
 60 0 11 0 0
 54 0 13 1 0
 -41 0 7 0 0
 119 0 15 1 0
 -34 0 0 1 0
 72 0 0 0 0
 -37 0 3 0 0
 77 1 11 1 0

 -8 0 2 0 0
 -51 0 11 1 0
 0 0 0 1 0
 -65 0 14 1 0
 127 0 1 0 0
 -49 0 6 1 0
 116 0 9 1 0
 -4 0 4 0 0
 17 0 10 0 0
 60 0 11 0 0
 54 0 13 1 0
 -41 0 7 0 0
 119 0 15 1 0
 -34 0 0 1 0
 72 0 0 0 0
 -37 0 3 0 0
 77 1 11 1 0

 -8 0 2 0 0
 -51 0 11 1 0
 0 0 0 1 0
 -65 0 14 1 0
 127 0 1 0 0
 -49 0 6 1 0
 116 0 9 1 0
 -4 0 4 0 0
 17 0 10 0 0
 60 0 11 0 0
 54 0 13 1 0
 -41 0 7 0 0
 119 0 15 1 0
 -34 0 0 1 0
 72 0 0 0 0
 -37 0 3 0 0
 77 1 11 1 0

 -8 0 2 0 0
 -51 0 11 1 0
 0 0 0 1 0
 -65 0 14 1 0
 127 0 1 0 0
 -49 0 6 1 0
 116 0 9 1 0
 -4 0 4 0 0
 17 0 10 0 0
 60 0 11 0 0
 54 0 13 1 0
 -41 0 7 0 0
 119 0 15 1 0
 -34 0 0 1 0
 72 0 0 0 0
 -37 0 3 0 0
 77 1 11 1 0

 -8 0 2 0 0
 -51 0 11 1 0
 0 0 0 1 0
 -65 0 14 1 0
 127 0 1 0 0
 -49 0 6 1 0
 116 0 9 1 0
 -4 0 4 0 0
 17 0 10 0 0
 60 0 11 0 0
 54 0 13 1 0
 -41 0 7 0 0
 119 0 15 1 0
 -34 0 0 1 0
 72 0 0 0 0
 -37 0 3 0 0
 77 1 11 1 0

 -8 0 2 0 0
 -51 0 11 1 0
 0 0 0 1 0
 -65 0 14 1 0
 127 0 1 0 0
 -49 0 6 1 0
 116 0 9 1 0
 -4 0 4 0 0
 17 0 10 0 0
 60 0 11 0 0
 54 0 13 1 0
 -41 0 7 0 0
 119 0 15 1 0
 -34 0 0 1 0
 72 0 0 0 0
 -37 0 3 0 0
 77 1 11 1 0

 -8 0 2 0 0
 -51 0 11 1 0
 0 0 0 1 0
 -65 0 14 1 0
 127 0 1 0 0
 -49 0 6 1 0
 116 0 9 1 0
 -4 0 4 0 0
 17 0 10 0 0
 60 0 11 0 0
 54 0 13 1 0
 -41 0 7 0 0
 119 0 15 1 0
 -34 0 0 1 0
 72 0 0 0 0
 -37 0 3 0 0
 77 1 11 1 0

 -8 0 2 0 0
 -51 0 11 1 0
 0 0 0 1 0
 -65 0 14 1 0
 127 0 1 0 0
 -49 0 6 1 0
 116 0 9 1 0
 -4 0 4 0 0
 17 0 10 0 0
 60 0 11 0 0
 54 0 13 1 0
 -41 0 7 0 0
 119 0 15 1 0
 -34 0 0 1 0
 72 0 0 0 0
 -37 0 3 0 0
 77 1 11 1 0

 -8 0 2 0 0
 -51 0 11 1 0
 0 0 0 1 0
 -65 0 14 1 0
 127 0 1 0 0
 -49 0 6 1 0
 116 0 9 1 0
 -4 0 4 0 0
 17 0 10 0 0
 60 0 11 0 0
 54 0 13 1 0
 -41 0 7 0 0
 119 0 15 1 0
 -34 0 0 1 0
 72 0 0 0 0
 -37 0 3 0 0
 77 1 11 1 0

 -8 0 2 0 0
 -51 0 11 1 0
 0 0 0 1 0
 -65 0 14 1 0
 127 0 1 0 0
 -49 0 6 1 0
 116 0 9 1 0
 -4 0 4 0 0
 17 0 10 0 0
 60 0 11 0 0
 54 0 13 1 0
 -41 0 7 0 0
 119 0 15 1 0
 -34 0 0 1 0
 72 0 0 0 0
 -37 0 3 0 0
 77 1 11 1 0

 -8 0 2 0 0
 -51 0 11 1 0
 0 0 0 1 0
 -65 0 14 1 0
 127 0 1 0 0
 -49 0 6 1 0
 116 0 9 1 0
 -4 0 4 0 0
 17 0 10 0 0
 60 0 11 0 0
 54 0 13 1 0
 -41 0 7 0 0
 119 0 15 1 0
 -34 0 0 1 0
 72 0 0 0 0
 -37 0 3 0 0
 77 1 11 1 0

 -8 0 2 0 0
 -51 0 11 1 0
 0 0 0 1 0
 -65 0 14 1 0
 127 0 1 0 0
 -49 0 6 1 0
 116 0 9 1 0
 -4 0 4 0 0
 17 0 10 0 0
 60 0 11 0 0
 54 0 13 1 0
 -41 0 7 0 0
 119 0 15 1 0
 -34 0 0 1 0
 72 0 0 0 0
 -37 0 3 0 0
 77 1 11 1 0

 -8 0 2 0 0
 -51 0 11 1 0
 0 0 0 1 0
 -65 0 14 1 0
 127 0 1 0 0
 -49 0 6 1 0
 116 0 9 1 0
 -4 0 4 0 0
 17 0 10 0 0
 60 0 11 0 0
 54 0 13 1 0
 -41 0 7 0 0
 119 0 15 1 0
 -34 0 0 1 0
 72 0 0 0 0
 -37 0 3 0 0
 77 1 11 1 0

 -8 0 2 0 0
 -51 0 11 1 0
 0 0 0 1 0
 -65 0 14 1 0
 127 0 1 0 0
 -49 0 6 1 0
 116 0 9 1 0
 -4 0 4 0 0
 17 0 10 0 0
 60 0 11 0 0
 54 0 13 1 0
 -41 0 7 0 0
 119 0 15 1 0
 -34 0 0 1 0
 72 0 0 0 0
 -37 0 3 0 0
 77 1 11 1 0

 -8 0 2 0 0
 -51 0 11 1 0
 0 0 0 1 0
 -65 0 14 1 0
 127 0 1 0 0
 -49 0 6 1 0
 116 0 9 1 0
 -4 0 4 0 0
 17 0 10 0 0
 60 0 11 0 0
 54 0 13 1 0
 -41 0 7 0 0
 119 0 15 1 0
 -34 0 0 1 0
 72 0 0 0 0
 -37 0 3 0 0
 77 1 11 1 0

 -8 0 2 0 0
 -51 0 11 1 0
 0 0 0 1 0
 -65 0 14 1 0
 127 0 1 0 0
 -49 0 6 1 0
 116 0 9 1 0
 -4 0 4 0 0
 17 0 10 0 0
 60 0 11 0 0
 54 0 13 1 0
 -41 0 7 0 0
 119 0 15 1 0
 -34 0 0 1 0
 72 0 0 0 0
 -37 0 3 0 0
 77 1 11 1 0

 -8 0 2 0 0
 -51 0 11 1 0
 0 0 0 1 0
 -65 0 14 1 0
 127 0 1 0 0
 -49 0 6 1 0
 116 0 9 1 0
 -4 0 4 0 0
 17 0 10 0 0
 60 0 11 0 0
 54 0 13 1 0
 -41 0 7 0 0
 119 0 15 1 0
 -34 0 0 1 0
 72 0 0 0 0
 -37 0 3 0 0
 77 1 11 1 0

 -8 0 2 0 0
 -51 0 11 1 0
 0 0 0 1 0
 -65 0 14 1 0
 127 0 1 0 0
 -49 0 6 1 0
 116 0 9 1 0
 -4 0 4 0 0
 17 0 10 0 0
 60 0 11 0 0
 54 0 13 1 0
 -41 0 7 0 0
 119 0 15 1 0
 -34 0 0 1 0
 72 0 0 0 0
 -37 0 3 0 0
 77 1 11 1 0

 -8 0 2 0 0
 -51 0 11 1 0
 0 0 0 1 0
 -65 0 14 1 0
 127 0 1 0 0
 -49 0 6 1 0
 116 0 9 1 0
 -4 0 4 0 0
 17 0 10 0 0
 60 0 11 0 0
 54 0 13 1 0
 -41 0 7 0 0
 119 0 15 1 0
 -34 0 0 1 0
 72 0 0 0 0
 -37 0 3 0 0
 77 1 11 1 0

 -8 0 2 0 0
 -51 0 11 1 0
 0 0 0 1 0
 -65 0 14 1 0
 127 0 1 0 0
 -49 0 6 1 0
 116 0 9 1 0
 -4 0 4 0 0
 17 0 10 0 0
 60 0 11 0 0
 54 0 13 1 0
 -41 0 7 0 0
 119 0 15 1 0
 -34 0 0 1 0
 72 0 0 0 0
 -37 0 3 0 0
 77 1 11 1 0

 -8 0 2 0 0
 -51 0 11 1 0
 0 0 0 1 0
 -65 0 14 1 0
 127 0 1 0 0
 -49 0 6 1 0
 116 0 9 1 0
 -4 0 4 0 0
 17 0 10 0 0
 60 0 11 0 0
 54 0 13 1 0
 -41 0 7 0 0
 119 0 15 1 0
 -34 0 0 1 0
 72 0 0 0 0
 -37 0 3 0 0
 77 1 11 1 0

 -8 0 2 0 0
 -51 0 11 1 0
 0 0 0 1 0
 -65 0 14 1 0
 127 0 1 0 0
 -49 0 6 1 0
 116 0 9 1 0
 -4 0 4 0 0
 17 0 10 0 0
 60 0 11 0 0
 54 0 13 1 0
 -41 0 7 0 0
 119 0 15 1 0
 -34 0 0 1 0
 72 0 0 0 0
 -37 0 3 0 0
 77 1 11 1 0

 -8 0 2 0 0
 -51 0 11 1 0
 0 0 0 1 0
 -65 0 14 1 0
 127 0 1 0 0
 -49 0 6 1 0
 116 0 9 1 0
 -4 0 4 0 0
 17 0 10 0 0
 60 0 11 0 0
 54 0 13 1 0
 -41 0 7 0 0
 119 0 15 1 0
 -34 0 0 1 0
 72 0 0 0 0
 -37 0 3 0 0
 77 1 11 1 0

