 -82 0 15 1 0
 -29 0 0 0 0
 75 0 4 0 0
 -113 0 8 0 0
 -75 0 13 1 0
 10 0 5 0 0
 -45 0 7 1 0
 -74 0 14 1 0
 5 0 8 0 0
 99 0 14 1 0
 0 0 0 1 0
 0 0 0 1 0
 -85 0 6 0 0
 101 0 9 1 0
 54 1 9 1 0

 -82 0 15 1 0
 -29 0 0 0 0
 75 0 4 0 0
 -113 0 8 0 0
 -75 0 13 1 0
 10 0 5 0 0
 -45 0 7 1 0
 -74 0 14 1 0
 5 0 8 0 0
 99 0 14 1 0
 0 0 0 1 0
 0 0 0 1 0
 -85 0 6 0 0
 101 0 9 1 0
 54 1 9 1 0

 -82 0 15 1 0
 -29 0 0 0 0
 75 0 4 0 0
 -113 0 8 0 0
 -75 0 13 1 0
 10 0 5 0 0
 -45 0 7 1 0
 -74 0 14 1 0
 5 0 8 0 0
 99 0 14 1 0
 0 0 0 1 0
 0 0 0 1 0
 -85 0 6 0 0
 101 0 9 1 0
 54 1 9 1 0

 -82 0 15 1 0
 -29 0 0 0 0
 75 0 4 0 0
 -113 0 8 0 0
 -75 0 13 1 0
 10 0 5 0 0
 -45 0 7 1 0
 -74 0 14 1 0
 5 0 8 0 0
 99 0 14 1 0
 0 0 0 1 0
 0 0 0 1 0
 -85 0 6 0 0
 101 0 9 1 0
 54 1 9 1 0

 -82 0 15 1 0
 -29 0 0 0 0
 75 0 4 0 0
 -113 0 8 0 0
 -75 0 13 1 0
 10 0 5 0 0
 -45 0 7 1 0
 -74 0 14 1 0
 5 0 8 0 0
 99 0 14 1 0
 0 0 0 1 0
 0 0 0 1 0
 -85 0 6 0 0
 101 0 9 1 0
 54 1 9 1 0

 -82 0 15 1 0
 -29 0 0 0 0
 75 0 4 0 0
 -113 0 8 0 0
 -75 0 13 1 0
 10 0 5 0 0
 -45 0 7 1 0
 -74 0 14 1 0
 5 0 8 0 0
 99 0 14 1 0
 0 0 0 1 0
 0 0 0 1 0
 -85 0 6 0 0
 101 0 9 1 0
 54 1 9 1 0

 -82 0 15 1 0
 -29 0 0 0 0
 75 0 4 0 0
 -113 0 8 0 0
 -75 0 13 1 0
 10 0 5 0 0
 -45 0 7 1 0
 -74 0 14 1 0
 5 0 8 0 0
 99 0 14 1 0
 0 0 0 1 0
 0 0 0 1 0
 -85 0 6 0 0
 101 0 9 1 0
 54 1 9 1 0

 -82 0 15 1 0
 -29 0 0 0 0
 75 0 4 0 0
 -113 0 8 0 0
 -75 0 13 1 0
 10 0 5 0 0
 -45 0 7 1 0
 -74 0 14 1 0
 5 0 8 0 0
 99 0 14 1 0
 0 0 0 1 0
 0 0 0 1 0
 -85 0 6 0 0
 101 0 9 1 0
 54 1 9 1 0

 -82 0 15 1 0
 -29 0 0 0 0
 75 0 4 0 0
 -113 0 8 0 0
 -75 0 13 1 0
 10 0 5 0 0
 -45 0 7 1 0
 -74 0 14 1 0
 5 0 8 0 0
 99 0 14 1 0
 0 0 0 1 0
 0 0 0 1 0
 -85 0 6 0 0
 101 0 9 1 0
 54 1 9 1 0

 -82 0 15 1 0
 -29 0 0 0 0
 75 0 4 0 0
 -113 0 8 0 0
 -75 0 13 1 0
 10 0 5 0 0
 -45 0 7 1 0
 -74 0 14 1 0
 5 0 8 0 0
 99 0 14 1 0
 0 0 0 1 0
 0 0 0 1 0
 -85 0 6 0 0
 101 0 9 1 0
 54 1 9 1 0

 -82 0 15 1 0
 -29 0 0 0 0
 75 0 4 0 0
 -113 0 8 0 0
 -75 0 13 1 0
 10 0 5 0 0
 -45 0 7 1 0
 -74 0 14 1 0
 5 0 8 0 0
 99 0 14 1 0
 0 0 0 1 0
 0 0 0 1 0
 -85 0 6 0 0
 101 0 9 1 0
 54 1 9 1 0

 -82 0 15 1 0
 -29 0 0 0 0
 75 0 4 0 0
 -113 0 8 0 0
 -75 0 13 1 0
 10 0 5 0 0
 -45 0 7 1 0
 -74 0 14 1 0
 5 0 8 0 0
 99 0 14 1 0
 0 0 0 1 0
 0 0 0 1 0
 -85 0 6 0 0
 101 0 9 1 0
 54 1 9 1 0

 -82 0 15 1 0
 -29 0 0 0 0
 75 0 4 0 0
 -113 0 8 0 0
 -75 0 13 1 0
 10 0 5 0 0
 -45 0 7 1 0
 -74 0 14 1 0
 5 0 8 0 0
 99 0 14 1 0
 0 0 0 1 0
 0 0 0 1 0
 -85 0 6 0 0
 101 0 9 1 0
 54 1 9 1 0

 -82 0 15 1 0
 -29 0 0 0 0
 75 0 4 0 0
 -113 0 8 0 0
 -75 0 13 1 0
 10 0 5 0 0
 -45 0 7 1 0
 -74 0 14 1 0
 5 0 8 0 0
 99 0 14 1 0
 0 0 0 1 0
 0 0 0 1 0
 -85 0 6 0 0
 101 0 9 1 0
 54 1 9 1 0

 -82 0 15 1 0
 -29 0 0 0 0
 75 0 4 0 0
 -113 0 8 0 0
 -75 0 13 1 0
 10 0 5 0 0
 -45 0 7 1 0
 -74 0 14 1 0
 5 0 8 0 0
 99 0 14 1 0
 0 0 0 1 0
 0 0 0 1 0
 -85 0 6 0 0
 101 0 9 1 0
 54 1 9 1 0

 -82 0 15 1 0
 -29 0 0 0 0
 75 0 4 0 0
 -113 0 8 0 0
 -75 0 13 1 0
 10 0 5 0 0
 -45 0 7 1 0
 -74 0 14 1 0
 5 0 8 0 0
 99 0 14 1 0
 0 0 0 1 0
 0 0 0 1 0
 -85 0 6 0 0
 101 0 9 1 0
 54 1 9 1 0

 -82 0 15 1 0
 -29 0 0 0 0
 75 0 4 0 0
 -113 0 8 0 0
 -75 0 13 1 0
 10 0 5 0 0
 -45 0 7 1 0
 -74 0 14 1 0
 5 0 8 0 0
 99 0 14 1 0
 0 0 0 1 0
 0 0 0 1 0
 -85 0 6 0 0
 101 0 9 1 0
 54 1 9 1 0

 -82 0 15 1 0
 -29 0 0 0 0
 75 0 4 0 0
 -113 0 8 0 0
 -75 0 13 1 0
 10 0 5 0 0
 -45 0 7 1 0
 -74 0 14 1 0
 5 0 8 0 0
 99 0 14 1 0
 0 0 0 1 0
 0 0 0 1 0
 -85 0 6 0 0
 101 0 9 1 0
 54 1 9 1 0

 -82 0 15 1 0
 -29 0 0 0 0
 75 0 4 0 0
 -113 0 8 0 0
 -75 0 13 1 0
 10 0 5 0 0
 -45 0 7 1 0
 -74 0 14 1 0
 5 0 8 0 0
 99 0 14 1 0
 0 0 0 1 0
 0 0 0 1 0
 -85 0 6 0 0
 101 0 9 1 0
 54 1 9 1 0

 -82 0 15 1 0
 -29 0 0 0 0
 75 0 4 0 0
 -113 0 8 0 0
 -75 0 13 1 0
 10 0 5 0 0
 -45 0 7 1 0
 -74 0 14 1 0
 5 0 8 0 0
 99 0 14 1 0
 0 0 0 1 0
 0 0 0 1 0
 -85 0 6 0 0
 101 0 9 1 0
 54 1 9 1 0

 -82 0 15 1 0
 -29 0 0 0 0
 75 0 4 0 0
 -113 0 8 0 0
 -75 0 13 1 0
 10 0 5 0 0
 -45 0 7 1 0
 -74 0 14 1 0
 5 0 8 0 0
 99 0 14 1 0
 0 0 0 1 0
 0 0 0 1 0
 -85 0 6 0 0
 101 0 9 1 0
 54 1 9 1 0

 -82 0 15 1 0
 -29 0 0 0 0
 75 0 4 0 0
 -113 0 8 0 0
 -75 0 13 1 0
 10 0 5 0 0
 -45 0 7 1 0
 -74 0 14 1 0
 5 0 8 0 0
 99 0 14 1 0
 0 0 0 1 0
 0 0 0 1 0
 -85 0 6 0 0
 101 0 9 1 0
 54 1 9 1 0

 -82 0 15 1 0
 -29 0 0 0 0
 75 0 4 0 0
 -113 0 8 0 0
 -75 0 13 1 0
 10 0 5 0 0
 -45 0 7 1 0
 -74 0 14 1 0
 5 0 8 0 0
 99 0 14 1 0
 0 0 0 1 0
 0 0 0 1 0
 -85 0 6 0 0
 101 0 9 1 0
 54 1 9 1 0

 -82 0 15 1 0
 -29 0 0 0 0
 75 0 4 0 0
 -113 0 8 0 0
 -75 0 13 1 0
 10 0 5 0 0
 -45 0 7 1 0
 -74 0 14 1 0
 5 0 8 0 0
 99 0 14 1 0
 0 0 0 1 0
 0 0 0 1 0
 -85 0 6 0 0
 101 0 9 1 0
 54 1 9 1 0

 -82 0 15 1 0
 -29 0 0 0 0
 75 0 4 0 0
 -113 0 8 0 0
 -75 0 13 1 0
 10 0 5 0 0
 -45 0 7 1 0
 -74 0 14 1 0
 5 0 8 0 0
 99 0 14 1 0
 0 0 0 1 0
 0 0 0 1 0
 -85 0 6 0 0
 101 0 9 1 0
 54 1 9 1 0

 -82 0 15 1 0
 -29 0 0 0 0
 75 0 4 0 0
 -113 0 8 0 0
 -75 0 13 1 0
 10 0 5 0 0
 -45 0 7 1 0
 -74 0 14 1 0
 5 0 8 0 0
 99 0 14 1 0
 0 0 0 1 0
 0 0 0 1 0
 -85 0 6 0 0
 101 0 9 1 0
 54 1 9 1 0

 -82 0 15 1 0
 -29 0 0 0 0
 75 0 4 0 0
 -113 0 8 0 0
 -75 0 13 1 0
 10 0 5 0 0
 -45 0 7 1 0
 -74 0 14 1 0
 5 0 8 0 0
 99 0 14 1 0
 0 0 0 1 0
 0 0 0 1 0
 -85 0 6 0 0
 101 0 9 1 0
 54 1 9 1 0

 -82 0 15 1 0
 -29 0 0 0 0
 75 0 4 0 0
 -113 0 8 0 0
 -75 0 13 1 0
 10 0 5 0 0
 -45 0 7 1 0
 -74 0 14 1 0
 5 0 8 0 0
 99 0 14 1 0
 0 0 0 1 0
 0 0 0 1 0
 -85 0 6 0 0
 101 0 9 1 0
 54 1 9 1 0

 -82 0 15 1 0
 -29 0 0 0 0
 75 0 4 0 0
 -113 0 8 0 0
 -75 0 13 1 0
 10 0 5 0 0
 -45 0 7 1 0
 -74 0 14 1 0
 5 0 8 0 0
 99 0 14 1 0
 0 0 0 1 0
 0 0 0 1 0
 -85 0 6 0 0
 101 0 9 1 0
 54 1 9 1 0

 -82 0 15 1 0
 -29 0 0 0 0
 75 0 4 0 0
 -113 0 8 0 0
 -75 0 13 1 0
 10 0 5 0 0
 -45 0 7 1 0
 -74 0 14 1 0
 5 0 8 0 0
 99 0 14 1 0
 0 0 0 1 0
 0 0 0 1 0
 -85 0 6 0 0
 101 0 9 1 0
 54 1 9 1 0

 -82 0 15 1 0
 -29 0 0 0 0
 75 0 4 0 0
 -113 0 8 0 0
 -75 0 13 1 0
 10 0 5 0 0
 -45 0 7 1 0
 -74 0 14 1 0
 5 0 8 0 0
 99 0 14 1 0
 0 0 0 1 0
 0 0 0 1 0
 -85 0 6 0 0
 101 0 9 1 0
 54 1 9 1 0

 -82 0 15 1 0
 -29 0 0 0 0
 75 0 4 0 0
 -113 0 8 0 0
 -75 0 13 1 0
 10 0 5 0 0
 -45 0 7 1 0
 -74 0 14 1 0
 5 0 8 0 0
 99 0 14 1 0
 0 0 0 1 0
 0 0 0 1 0
 -85 0 6 0 0
 101 0 9 1 0
 54 1 9 1 0

 -82 0 15 1 0
 -29 0 0 0 0
 75 0 4 0 0
 -113 0 8 0 0
 -75 0 13 1 0
 10 0 5 0 0
 -45 0 7 1 0
 -74 0 14 1 0
 5 0 8 0 0
 99 0 14 1 0
 0 0 0 1 0
 0 0 0 1 0
 -85 0 6 0 0
 101 0 9 1 0
 54 1 9 1 0

 -82 0 15 1 0
 -29 0 0 0 0
 75 0 4 0 0
 -113 0 8 0 0
 -75 0 13 1 0
 10 0 5 0 0
 -45 0 7 1 0
 -74 0 14 1 0
 5 0 8 0 0
 99 0 14 1 0
 0 0 0 1 0
 0 0 0 1 0
 -85 0 6 0 0
 101 0 9 1 0
 54 1 9 1 0

 -82 0 15 1 0
 -29 0 0 0 0
 75 0 4 0 0
 -113 0 8 0 0
 -75 0 13 1 0
 10 0 5 0 0
 -45 0 7 1 0
 -74 0 14 1 0
 5 0 8 0 0
 99 0 14 1 0
 0 0 0 1 0
 0 0 0 1 0
 -85 0 6 0 0
 101 0 9 1 0
 54 1 9 1 0

 -82 0 15 1 0
 -29 0 0 0 0
 75 0 4 0 0
 -113 0 8 0 0
 -75 0 13 1 0
 10 0 5 0 0
 -45 0 7 1 0
 -74 0 14 1 0
 5 0 8 0 0
 99 0 14 1 0
 0 0 0 1 0
 0 0 0 1 0
 -85 0 6 0 0
 101 0 9 1 0
 54 1 9 1 0

