 -68 0 0 0 0
 85 0 11 0 0
 -117 0 12 1 0
 -33 0 2 1 0
 -4 0 4 0 0
 -35 0 11 1 0
 -93 0 8 0 0
 87 0 13 1 0
 0 0 0 1 0
 -98 0 13 1 0
 10 0 15 1 0
 3 0 5 0 0
 56 0 7 0 0
 -74 0 13 1 0
 35 1 5 1 0

 -68 0 0 0 0
 85 0 11 0 0
 -117 0 12 1 0
 -33 0 2 1 0
 -4 0 4 0 0
 -35 0 11 1 0
 -93 0 8 0 0
 87 0 13 1 0
 0 0 0 1 0
 -98 0 13 1 0
 10 0 15 1 0
 3 0 5 0 0
 56 0 7 0 0
 -74 0 13 1 0
 35 1 5 1 0

 -68 0 0 0 0
 85 0 11 0 0
 -117 0 12 1 0
 -33 0 2 1 0
 -4 0 4 0 0
 -35 0 11 1 0
 -93 0 8 0 0
 87 0 13 1 0
 0 0 0 1 0
 -98 0 13 1 0
 10 0 15 1 0
 3 0 5 0 0
 56 0 7 0 0
 -74 0 13 1 0
 35 1 5 1 0

 -68 0 0 0 0
 85 0 11 0 0
 -117 0 12 1 0
 -33 0 2 1 0
 -4 0 4 0 0
 -35 0 11 1 0
 -93 0 8 0 0
 87 0 13 1 0
 0 0 0 1 0
 -98 0 13 1 0
 10 0 15 1 0
 3 0 5 0 0
 56 0 7 0 0
 -74 0 13 1 0
 35 1 5 1 0

 -68 0 0 0 0
 85 0 11 0 0
 -117 0 12 1 0
 -33 0 2 1 0
 -4 0 4 0 0
 -35 0 11 1 0
 -93 0 8 0 0
 87 0 13 1 0
 0 0 0 1 0
 -98 0 13 1 0
 10 0 15 1 0
 3 0 5 0 0
 56 0 7 0 0
 -74 0 13 1 0
 35 1 5 1 0

 -68 0 0 0 0
 85 0 11 0 0
 -117 0 12 1 0
 -33 0 2 1 0
 -4 0 4 0 0
 -35 0 11 1 0
 -93 0 8 0 0
 87 0 13 1 0
 0 0 0 1 0
 -98 0 13 1 0
 10 0 15 1 0
 3 0 5 0 0
 56 0 7 0 0
 -74 0 13 1 0
 35 1 5 1 0

 -68 0 0 0 0
 85 0 11 0 0
 -117 0 12 1 0
 -33 0 2 1 0
 -4 0 4 0 0
 -35 0 11 1 0
 -93 0 8 0 0
 87 0 13 1 0
 0 0 0 1 0
 -98 0 13 1 0
 10 0 15 1 0
 3 0 5 0 0
 56 0 7 0 0
 -74 0 13 1 0
 35 1 5 1 0

 -68 0 0 0 0
 85 0 11 0 0
 -117 0 12 1 0
 -33 0 2 1 0
 -4 0 4 0 0
 -35 0 11 1 0
 -93 0 8 0 0
 87 0 13 1 0
 0 0 0 1 0
 -98 0 13 1 0
 10 0 15 1 0
 3 0 5 0 0
 56 0 7 0 0
 -74 0 13 1 0
 35 1 5 1 0

 -68 0 0 0 0
 85 0 11 0 0
 -117 0 12 1 0
 -33 0 2 1 0
 -4 0 4 0 0
 -35 0 11 1 0
 -93 0 8 0 0
 87 0 13 1 0
 0 0 0 1 0
 -98 0 13 1 0
 10 0 15 1 0
 3 0 5 0 0
 56 0 7 0 0
 -74 0 13 1 0
 35 1 5 1 0

 -68 0 0 0 0
 85 0 11 0 0
 -117 0 12 1 0
 -33 0 2 1 0
 -4 0 4 0 0
 -35 0 11 1 0
 -93 0 8 0 0
 87 0 13 1 0
 0 0 0 1 0
 -98 0 13 1 0
 10 0 15 1 0
 3 0 5 0 0
 56 0 7 0 0
 -74 0 13 1 0
 35 1 5 1 0

 -68 0 0 0 0
 85 0 11 0 0
 -117 0 12 1 0
 -33 0 2 1 0
 -4 0 4 0 0
 -35 0 11 1 0
 -93 0 8 0 0
 87 0 13 1 0
 0 0 0 1 0
 -98 0 13 1 0
 10 0 15 1 0
 3 0 5 0 0
 56 0 7 0 0
 -74 0 13 1 0
 35 1 5 1 0

 -68 0 0 0 0
 85 0 11 0 0
 -117 0 12 1 0
 -33 0 2 1 0
 -4 0 4 0 0
 -35 0 11 1 0
 -93 0 8 0 0
 87 0 13 1 0
 0 0 0 1 0
 -98 0 13 1 0
 10 0 15 1 0
 3 0 5 0 0
 56 0 7 0 0
 -74 0 13 1 0
 35 1 5 1 0

 -68 0 0 0 0
 85 0 11 0 0
 -117 0 12 1 0
 -33 0 2 1 0
 -4 0 4 0 0
 -35 0 11 1 0
 -93 0 8 0 0
 87 0 13 1 0
 0 0 0 1 0
 -98 0 13 1 0
 10 0 15 1 0
 3 0 5 0 0
 56 0 7 0 0
 -74 0 13 1 0
 35 1 5 1 0

 -68 0 0 0 0
 85 0 11 0 0
 -117 0 12 1 0
 -33 0 2 1 0
 -4 0 4 0 0
 -35 0 11 1 0
 -93 0 8 0 0
 87 0 13 1 0
 0 0 0 1 0
 -98 0 13 1 0
 10 0 15 1 0
 3 0 5 0 0
 56 0 7 0 0
 -74 0 13 1 0
 35 1 5 1 0

 -68 0 0 0 0
 85 0 11 0 0
 -117 0 12 1 0
 -33 0 2 1 0
 -4 0 4 0 0
 -35 0 11 1 0
 -93 0 8 0 0
 87 0 13 1 0
 0 0 0 1 0
 -98 0 13 1 0
 10 0 15 1 0
 3 0 5 0 0
 56 0 7 0 0
 -74 0 13 1 0
 35 1 5 1 0

 -68 0 0 0 0
 85 0 11 0 0
 -117 0 12 1 0
 -33 0 2 1 0
 -4 0 4 0 0
 -35 0 11 1 0
 -93 0 8 0 0
 87 0 13 1 0
 0 0 0 1 0
 -98 0 13 1 0
 10 0 15 1 0
 3 0 5 0 0
 56 0 7 0 0
 -74 0 13 1 0
 35 1 5 1 0

 -68 0 0 0 0
 85 0 11 0 0
 -117 0 12 1 0
 -33 0 2 1 0
 -4 0 4 0 0
 -35 0 11 1 0
 -93 0 8 0 0
 87 0 13 1 0
 0 0 0 1 0
 -98 0 13 1 0
 10 0 15 1 0
 3 0 5 0 0
 56 0 7 0 0
 -74 0 13 1 0
 35 1 5 1 0

 -68 0 0 0 0
 85 0 11 0 0
 -117 0 12 1 0
 -33 0 2 1 0
 -4 0 4 0 0
 -35 0 11 1 0
 -93 0 8 0 0
 87 0 13 1 0
 0 0 0 1 0
 -98 0 13 1 0
 10 0 15 1 0
 3 0 5 0 0
 56 0 7 0 0
 -74 0 13 1 0
 35 1 5 1 0

 -68 0 0 0 0
 85 0 11 0 0
 -117 0 12 1 0
 -33 0 2 1 0
 -4 0 4 0 0
 -35 0 11 1 0
 -93 0 8 0 0
 87 0 13 1 0
 0 0 0 1 0
 -98 0 13 1 0
 10 0 15 1 0
 3 0 5 0 0
 56 0 7 0 0
 -74 0 13 1 0
 35 1 5 1 0

 -68 0 0 0 0
 85 0 11 0 0
 -117 0 12 1 0
 -33 0 2 1 0
 -4 0 4 0 0
 -35 0 11 1 0
 -93 0 8 0 0
 87 0 13 1 0
 0 0 0 1 0
 -98 0 13 1 0
 10 0 15 1 0
 3 0 5 0 0
 56 0 7 0 0
 -74 0 13 1 0
 35 1 5 1 0

 -68 0 0 0 0
 85 0 11 0 0
 -117 0 12 1 0
 -33 0 2 1 0
 -4 0 4 0 0
 -35 0 11 1 0
 -93 0 8 0 0
 87 0 13 1 0
 0 0 0 1 0
 -98 0 13 1 0
 10 0 15 1 0
 3 0 5 0 0
 56 0 7 0 0
 -74 0 13 1 0
 35 1 5 1 0

 -68 0 0 0 0
 85 0 11 0 0
 -117 0 12 1 0
 -33 0 2 1 0
 -4 0 4 0 0
 -35 0 11 1 0
 -93 0 8 0 0
 87 0 13 1 0
 0 0 0 1 0
 -98 0 13 1 0
 10 0 15 1 0
 3 0 5 0 0
 56 0 7 0 0
 -74 0 13 1 0
 35 1 5 1 0

 -68 0 0 0 0
 85 0 11 0 0
 -117 0 12 1 0
 -33 0 2 1 0
 -4 0 4 0 0
 -35 0 11 1 0
 -93 0 8 0 0
 87 0 13 1 0
 0 0 0 1 0
 -98 0 13 1 0
 10 0 15 1 0
 3 0 5 0 0
 56 0 7 0 0
 -74 0 13 1 0
 35 1 5 1 0

 -68 0 0 0 0
 85 0 11 0 0
 -117 0 12 1 0
 -33 0 2 1 0
 -4 0 4 0 0
 -35 0 11 1 0
 -93 0 8 0 0
 87 0 13 1 0
 0 0 0 1 0
 -98 0 13 1 0
 10 0 15 1 0
 3 0 5 0 0
 56 0 7 0 0
 -74 0 13 1 0
 35 1 5 1 0

 -68 0 0 0 0
 85 0 11 0 0
 -117 0 12 1 0
 -33 0 2 1 0
 -4 0 4 0 0
 -35 0 11 1 0
 -93 0 8 0 0
 87 0 13 1 0
 0 0 0 1 0
 -98 0 13 1 0
 10 0 15 1 0
 3 0 5 0 0
 56 0 7 0 0
 -74 0 13 1 0
 35 1 5 1 0

 -68 0 0 0 0
 85 0 11 0 0
 -117 0 12 1 0
 -33 0 2 1 0
 -4 0 4 0 0
 -35 0 11 1 0
 -93 0 8 0 0
 87 0 13 1 0
 0 0 0 1 0
 -98 0 13 1 0
 10 0 15 1 0
 3 0 5 0 0
 56 0 7 0 0
 -74 0 13 1 0
 35 1 5 1 0

 -68 0 0 0 0
 85 0 11 0 0
 -117 0 12 1 0
 -33 0 2 1 0
 -4 0 4 0 0
 -35 0 11 1 0
 -93 0 8 0 0
 87 0 13 1 0
 0 0 0 1 0
 -98 0 13 1 0
 10 0 15 1 0
 3 0 5 0 0
 56 0 7 0 0
 -74 0 13 1 0
 35 1 5 1 0

 -68 0 0 0 0
 85 0 11 0 0
 -117 0 12 1 0
 -33 0 2 1 0
 -4 0 4 0 0
 -35 0 11 1 0
 -93 0 8 0 0
 87 0 13 1 0
 0 0 0 1 0
 -98 0 13 1 0
 10 0 15 1 0
 3 0 5 0 0
 56 0 7 0 0
 -74 0 13 1 0
 35 1 5 1 0

 -68 0 0 0 0
 85 0 11 0 0
 -117 0 12 1 0
 -33 0 2 1 0
 -4 0 4 0 0
 -35 0 11 1 0
 -93 0 8 0 0
 87 0 13 1 0
 0 0 0 1 0
 -98 0 13 1 0
 10 0 15 1 0
 3 0 5 0 0
 56 0 7 0 0
 -74 0 13 1 0
 35 1 5 1 0

 -68 0 0 0 0
 85 0 11 0 0
 -117 0 12 1 0
 -33 0 2 1 0
 -4 0 4 0 0
 -35 0 11 1 0
 -93 0 8 0 0
 87 0 13 1 0
 0 0 0 1 0
 -98 0 13 1 0
 10 0 15 1 0
 3 0 5 0 0
 56 0 7 0 0
 -74 0 13 1 0
 35 1 5 1 0

 -68 0 0 0 0
 85 0 11 0 0
 -117 0 12 1 0
 -33 0 2 1 0
 -4 0 4 0 0
 -35 0 11 1 0
 -93 0 8 0 0
 87 0 13 1 0
 0 0 0 1 0
 -98 0 13 1 0
 10 0 15 1 0
 3 0 5 0 0
 56 0 7 0 0
 -74 0 13 1 0
 35 1 5 1 0

 -68 0 0 0 0
 85 0 11 0 0
 -117 0 12 1 0
 -33 0 2 1 0
 -4 0 4 0 0
 -35 0 11 1 0
 -93 0 8 0 0
 87 0 13 1 0
 0 0 0 1 0
 -98 0 13 1 0
 10 0 15 1 0
 3 0 5 0 0
 56 0 7 0 0
 -74 0 13 1 0
 35 1 5 1 0

 -68 0 0 0 0
 85 0 11 0 0
 -117 0 12 1 0
 -33 0 2 1 0
 -4 0 4 0 0
 -35 0 11 1 0
 -93 0 8 0 0
 87 0 13 1 0
 0 0 0 1 0
 -98 0 13 1 0
 10 0 15 1 0
 3 0 5 0 0
 56 0 7 0 0
 -74 0 13 1 0
 35 1 5 1 0

 -68 0 0 0 0
 85 0 11 0 0
 -117 0 12 1 0
 -33 0 2 1 0
 -4 0 4 0 0
 -35 0 11 1 0
 -93 0 8 0 0
 87 0 13 1 0
 0 0 0 1 0
 -98 0 13 1 0
 10 0 15 1 0
 3 0 5 0 0
 56 0 7 0 0
 -74 0 13 1 0
 35 1 5 1 0

 -68 0 0 0 0
 85 0 11 0 0
 -117 0 12 1 0
 -33 0 2 1 0
 -4 0 4 0 0
 -35 0 11 1 0
 -93 0 8 0 0
 87 0 13 1 0
 0 0 0 1 0
 -98 0 13 1 0
 10 0 15 1 0
 3 0 5 0 0
 56 0 7 0 0
 -74 0 13 1 0
 35 1 5 1 0

 -68 0 0 0 0
 85 0 11 0 0
 -117 0 12 1 0
 -33 0 2 1 0
 -4 0 4 0 0
 -35 0 11 1 0
 -93 0 8 0 0
 87 0 13 1 0
 0 0 0 1 0
 -98 0 13 1 0
 10 0 15 1 0
 3 0 5 0 0
 56 0 7 0 0
 -74 0 13 1 0
 35 1 5 1 0

