 18 0 11 1 0
 -115 0 13 1 0
 -82 0 1 0 0
 105 0 5 0 0
 -64 0 7 1 0
 51 0 14 1 0
 -118 0 5 1 0
 43 0 5 0 0
 -104 0 10 0 0
 -127 0 11 1 0
 68 0 6 0 0
 68 0 8 1 0
 -79 0 2 0 0
 48 0 6 0 0
 -95 0 7 1 0
 -97 0 1 0 0
 -120 1 8 1 0

 18 0 11 1 0
 -115 0 13 1 0
 -82 0 1 0 0
 105 0 5 0 0
 -64 0 7 1 0
 51 0 14 1 0
 -118 0 5 1 0
 43 0 5 0 0
 -104 0 10 0 0
 -127 0 11 1 0
 68 0 6 0 0
 68 0 8 1 0
 -79 0 2 0 0
 48 0 6 0 0
 -95 0 7 1 0
 -97 0 1 0 0
 -120 1 8 1 0

 18 0 11 1 0
 -115 0 13 1 0
 -82 0 1 0 0
 105 0 5 0 0
 -64 0 7 1 0
 51 0 14 1 0
 -118 0 5 1 0
 43 0 5 0 0
 -104 0 10 0 0
 -127 0 11 1 0
 68 0 6 0 0
 68 0 8 1 0
 -79 0 2 0 0
 48 0 6 0 0
 -95 0 7 1 0
 -97 0 1 0 0
 -120 1 8 1 0

 18 0 11 1 0
 -115 0 13 1 0
 -82 0 1 0 0
 105 0 5 0 0
 -64 0 7 1 0
 51 0 14 1 0
 -118 0 5 1 0
 43 0 5 0 0
 -104 0 10 0 0
 -127 0 11 1 0
 68 0 6 0 0
 68 0 8 1 0
 -79 0 2 0 0
 48 0 6 0 0
 -95 0 7 1 0
 -97 0 1 0 0
 -120 1 8 1 0

 18 0 11 1 0
 -115 0 13 1 0
 -82 0 1 0 0
 105 0 5 0 0
 -64 0 7 1 0
 51 0 14 1 0
 -118 0 5 1 0
 43 0 5 0 0
 -104 0 10 0 0
 -127 0 11 1 0
 68 0 6 0 0
 68 0 8 1 0
 -79 0 2 0 0
 48 0 6 0 0
 -95 0 7 1 0
 -97 0 1 0 0
 -120 1 8 1 0

 18 0 11 1 0
 -115 0 13 1 0
 -82 0 1 0 0
 105 0 5 0 0
 -64 0 7 1 0
 51 0 14 1 0
 -118 0 5 1 0
 43 0 5 0 0
 -104 0 10 0 0
 -127 0 11 1 0
 68 0 6 0 0
 68 0 8 1 0
 -79 0 2 0 0
 48 0 6 0 0
 -95 0 7 1 0
 -97 0 1 0 0
 -120 1 8 1 0

 18 0 11 1 0
 -115 0 13 1 0
 -82 0 1 0 0
 105 0 5 0 0
 -64 0 7 1 0
 51 0 14 1 0
 -118 0 5 1 0
 43 0 5 0 0
 -104 0 10 0 0
 -127 0 11 1 0
 68 0 6 0 0
 68 0 8 1 0
 -79 0 2 0 0
 48 0 6 0 0
 -95 0 7 1 0
 -97 0 1 0 0
 -120 1 8 1 0

 18 0 11 1 0
 -115 0 13 1 0
 -82 0 1 0 0
 105 0 5 0 0
 -64 0 7 1 0
 51 0 14 1 0
 -118 0 5 1 0
 43 0 5 0 0
 -104 0 10 0 0
 -127 0 11 1 0
 68 0 6 0 0
 68 0 8 1 0
 -79 0 2 0 0
 48 0 6 0 0
 -95 0 7 1 0
 -97 0 1 0 0
 -120 1 8 1 0

 18 0 11 1 0
 -115 0 13 1 0
 -82 0 1 0 0
 105 0 5 0 0
 -64 0 7 1 0
 51 0 14 1 0
 -118 0 5 1 0
 43 0 5 0 0
 -104 0 10 0 0
 -127 0 11 1 0
 68 0 6 0 0
 68 0 8 1 0
 -79 0 2 0 0
 48 0 6 0 0
 -95 0 7 1 0
 -97 0 1 0 0
 -120 1 8 1 0

 18 0 11 1 0
 -115 0 13 1 0
 -82 0 1 0 0
 105 0 5 0 0
 -64 0 7 1 0
 51 0 14 1 0
 -118 0 5 1 0
 43 0 5 0 0
 -104 0 10 0 0
 -127 0 11 1 0
 68 0 6 0 0
 68 0 8 1 0
 -79 0 2 0 0
 48 0 6 0 0
 -95 0 7 1 0
 -97 0 1 0 0
 -120 1 8 1 0

 18 0 11 1 0
 -115 0 13 1 0
 -82 0 1 0 0
 105 0 5 0 0
 -64 0 7 1 0
 51 0 14 1 0
 -118 0 5 1 0
 43 0 5 0 0
 -104 0 10 0 0
 -127 0 11 1 0
 68 0 6 0 0
 68 0 8 1 0
 -79 0 2 0 0
 48 0 6 0 0
 -95 0 7 1 0
 -97 0 1 0 0
 -120 1 8 1 0

 18 0 11 1 0
 -115 0 13 1 0
 -82 0 1 0 0
 105 0 5 0 0
 -64 0 7 1 0
 51 0 14 1 0
 -118 0 5 1 0
 43 0 5 0 0
 -104 0 10 0 0
 -127 0 11 1 0
 68 0 6 0 0
 68 0 8 1 0
 -79 0 2 0 0
 48 0 6 0 0
 -95 0 7 1 0
 -97 0 1 0 0
 -120 1 8 1 0

 18 0 11 1 0
 -115 0 13 1 0
 -82 0 1 0 0
 105 0 5 0 0
 -64 0 7 1 0
 51 0 14 1 0
 -118 0 5 1 0
 43 0 5 0 0
 -104 0 10 0 0
 -127 0 11 1 0
 68 0 6 0 0
 68 0 8 1 0
 -79 0 2 0 0
 48 0 6 0 0
 -95 0 7 1 0
 -97 0 1 0 0
 -120 1 8 1 0

 18 0 11 1 0
 -115 0 13 1 0
 -82 0 1 0 0
 105 0 5 0 0
 -64 0 7 1 0
 51 0 14 1 0
 -118 0 5 1 0
 43 0 5 0 0
 -104 0 10 0 0
 -127 0 11 1 0
 68 0 6 0 0
 68 0 8 1 0
 -79 0 2 0 0
 48 0 6 0 0
 -95 0 7 1 0
 -97 0 1 0 0
 -120 1 8 1 0

 18 0 11 1 0
 -115 0 13 1 0
 -82 0 1 0 0
 105 0 5 0 0
 -64 0 7 1 0
 51 0 14 1 0
 -118 0 5 1 0
 43 0 5 0 0
 -104 0 10 0 0
 -127 0 11 1 0
 68 0 6 0 0
 68 0 8 1 0
 -79 0 2 0 0
 48 0 6 0 0
 -95 0 7 1 0
 -97 0 1 0 0
 -120 1 8 1 0

 18 0 11 1 0
 -115 0 13 1 0
 -82 0 1 0 0
 105 0 5 0 0
 -64 0 7 1 0
 51 0 14 1 0
 -118 0 5 1 0
 43 0 5 0 0
 -104 0 10 0 0
 -127 0 11 1 0
 68 0 6 0 0
 68 0 8 1 0
 -79 0 2 0 0
 48 0 6 0 0
 -95 0 7 1 0
 -97 0 1 0 0
 -120 1 8 1 0

 18 0 11 1 0
 -115 0 13 1 0
 -82 0 1 0 0
 105 0 5 0 0
 -64 0 7 1 0
 51 0 14 1 0
 -118 0 5 1 0
 43 0 5 0 0
 -104 0 10 0 0
 -127 0 11 1 0
 68 0 6 0 0
 68 0 8 1 0
 -79 0 2 0 0
 48 0 6 0 0
 -95 0 7 1 0
 -97 0 1 0 0
 -120 1 8 1 0

 18 0 11 1 0
 -115 0 13 1 0
 -82 0 1 0 0
 105 0 5 0 0
 -64 0 7 1 0
 51 0 14 1 0
 -118 0 5 1 0
 43 0 5 0 0
 -104 0 10 0 0
 -127 0 11 1 0
 68 0 6 0 0
 68 0 8 1 0
 -79 0 2 0 0
 48 0 6 0 0
 -95 0 7 1 0
 -97 0 1 0 0
 -120 1 8 1 0

 18 0 11 1 0
 -115 0 13 1 0
 -82 0 1 0 0
 105 0 5 0 0
 -64 0 7 1 0
 51 0 14 1 0
 -118 0 5 1 0
 43 0 5 0 0
 -104 0 10 0 0
 -127 0 11 1 0
 68 0 6 0 0
 68 0 8 1 0
 -79 0 2 0 0
 48 0 6 0 0
 -95 0 7 1 0
 -97 0 1 0 0
 -120 1 8 1 0

 18 0 11 1 0
 -115 0 13 1 0
 -82 0 1 0 0
 105 0 5 0 0
 -64 0 7 1 0
 51 0 14 1 0
 -118 0 5 1 0
 43 0 5 0 0
 -104 0 10 0 0
 -127 0 11 1 0
 68 0 6 0 0
 68 0 8 1 0
 -79 0 2 0 0
 48 0 6 0 0
 -95 0 7 1 0
 -97 0 1 0 0
 -120 1 8 1 0

 18 0 11 1 0
 -115 0 13 1 0
 -82 0 1 0 0
 105 0 5 0 0
 -64 0 7 1 0
 51 0 14 1 0
 -118 0 5 1 0
 43 0 5 0 0
 -104 0 10 0 0
 -127 0 11 1 0
 68 0 6 0 0
 68 0 8 1 0
 -79 0 2 0 0
 48 0 6 0 0
 -95 0 7 1 0
 -97 0 1 0 0
 -120 1 8 1 0

 18 0 11 1 0
 -115 0 13 1 0
 -82 0 1 0 0
 105 0 5 0 0
 -64 0 7 1 0
 51 0 14 1 0
 -118 0 5 1 0
 43 0 5 0 0
 -104 0 10 0 0
 -127 0 11 1 0
 68 0 6 0 0
 68 0 8 1 0
 -79 0 2 0 0
 48 0 6 0 0
 -95 0 7 1 0
 -97 0 1 0 0
 -120 1 8 1 0

 18 0 11 1 0
 -115 0 13 1 0
 -82 0 1 0 0
 105 0 5 0 0
 -64 0 7 1 0
 51 0 14 1 0
 -118 0 5 1 0
 43 0 5 0 0
 -104 0 10 0 0
 -127 0 11 1 0
 68 0 6 0 0
 68 0 8 1 0
 -79 0 2 0 0
 48 0 6 0 0
 -95 0 7 1 0
 -97 0 1 0 0
 -120 1 8 1 0

 18 0 11 1 0
 -115 0 13 1 0
 -82 0 1 0 0
 105 0 5 0 0
 -64 0 7 1 0
 51 0 14 1 0
 -118 0 5 1 0
 43 0 5 0 0
 -104 0 10 0 0
 -127 0 11 1 0
 68 0 6 0 0
 68 0 8 1 0
 -79 0 2 0 0
 48 0 6 0 0
 -95 0 7 1 0
 -97 0 1 0 0
 -120 1 8 1 0

 18 0 11 1 0
 -115 0 13 1 0
 -82 0 1 0 0
 105 0 5 0 0
 -64 0 7 1 0
 51 0 14 1 0
 -118 0 5 1 0
 43 0 5 0 0
 -104 0 10 0 0
 -127 0 11 1 0
 68 0 6 0 0
 68 0 8 1 0
 -79 0 2 0 0
 48 0 6 0 0
 -95 0 7 1 0
 -97 0 1 0 0
 -120 1 8 1 0

 18 0 11 1 0
 -115 0 13 1 0
 -82 0 1 0 0
 105 0 5 0 0
 -64 0 7 1 0
 51 0 14 1 0
 -118 0 5 1 0
 43 0 5 0 0
 -104 0 10 0 0
 -127 0 11 1 0
 68 0 6 0 0
 68 0 8 1 0
 -79 0 2 0 0
 48 0 6 0 0
 -95 0 7 1 0
 -97 0 1 0 0
 -120 1 8 1 0

 18 0 11 1 0
 -115 0 13 1 0
 -82 0 1 0 0
 105 0 5 0 0
 -64 0 7 1 0
 51 0 14 1 0
 -118 0 5 1 0
 43 0 5 0 0
 -104 0 10 0 0
 -127 0 11 1 0
 68 0 6 0 0
 68 0 8 1 0
 -79 0 2 0 0
 48 0 6 0 0
 -95 0 7 1 0
 -97 0 1 0 0
 -120 1 8 1 0

 18 0 11 1 0
 -115 0 13 1 0
 -82 0 1 0 0
 105 0 5 0 0
 -64 0 7 1 0
 51 0 14 1 0
 -118 0 5 1 0
 43 0 5 0 0
 -104 0 10 0 0
 -127 0 11 1 0
 68 0 6 0 0
 68 0 8 1 0
 -79 0 2 0 0
 48 0 6 0 0
 -95 0 7 1 0
 -97 0 1 0 0
 -120 1 8 1 0

 18 0 11 1 0
 -115 0 13 1 0
 -82 0 1 0 0
 105 0 5 0 0
 -64 0 7 1 0
 51 0 14 1 0
 -118 0 5 1 0
 43 0 5 0 0
 -104 0 10 0 0
 -127 0 11 1 0
 68 0 6 0 0
 68 0 8 1 0
 -79 0 2 0 0
 48 0 6 0 0
 -95 0 7 1 0
 -97 0 1 0 0
 -120 1 8 1 0

 18 0 11 1 0
 -115 0 13 1 0
 -82 0 1 0 0
 105 0 5 0 0
 -64 0 7 1 0
 51 0 14 1 0
 -118 0 5 1 0
 43 0 5 0 0
 -104 0 10 0 0
 -127 0 11 1 0
 68 0 6 0 0
 68 0 8 1 0
 -79 0 2 0 0
 48 0 6 0 0
 -95 0 7 1 0
 -97 0 1 0 0
 -120 1 8 1 0

 18 0 11 1 0
 -115 0 13 1 0
 -82 0 1 0 0
 105 0 5 0 0
 -64 0 7 1 0
 51 0 14 1 0
 -118 0 5 1 0
 43 0 5 0 0
 -104 0 10 0 0
 -127 0 11 1 0
 68 0 6 0 0
 68 0 8 1 0
 -79 0 2 0 0
 48 0 6 0 0
 -95 0 7 1 0
 -97 0 1 0 0
 -120 1 8 1 0

 18 0 11 1 0
 -115 0 13 1 0
 -82 0 1 0 0
 105 0 5 0 0
 -64 0 7 1 0
 51 0 14 1 0
 -118 0 5 1 0
 43 0 5 0 0
 -104 0 10 0 0
 -127 0 11 1 0
 68 0 6 0 0
 68 0 8 1 0
 -79 0 2 0 0
 48 0 6 0 0
 -95 0 7 1 0
 -97 0 1 0 0
 -120 1 8 1 0

 18 0 11 1 0
 -115 0 13 1 0
 -82 0 1 0 0
 105 0 5 0 0
 -64 0 7 1 0
 51 0 14 1 0
 -118 0 5 1 0
 43 0 5 0 0
 -104 0 10 0 0
 -127 0 11 1 0
 68 0 6 0 0
 68 0 8 1 0
 -79 0 2 0 0
 48 0 6 0 0
 -95 0 7 1 0
 -97 0 1 0 0
 -120 1 8 1 0

 18 0 11 1 0
 -115 0 13 1 0
 -82 0 1 0 0
 105 0 5 0 0
 -64 0 7 1 0
 51 0 14 1 0
 -118 0 5 1 0
 43 0 5 0 0
 -104 0 10 0 0
 -127 0 11 1 0
 68 0 6 0 0
 68 0 8 1 0
 -79 0 2 0 0
 48 0 6 0 0
 -95 0 7 1 0
 -97 0 1 0 0
 -120 1 8 1 0

 18 0 11 1 0
 -115 0 13 1 0
 -82 0 1 0 0
 105 0 5 0 0
 -64 0 7 1 0
 51 0 14 1 0
 -118 0 5 1 0
 43 0 5 0 0
 -104 0 10 0 0
 -127 0 11 1 0
 68 0 6 0 0
 68 0 8 1 0
 -79 0 2 0 0
 48 0 6 0 0
 -95 0 7 1 0
 -97 0 1 0 0
 -120 1 8 1 0

 18 0 11 1 0
 -115 0 13 1 0
 -82 0 1 0 0
 105 0 5 0 0
 -64 0 7 1 0
 51 0 14 1 0
 -118 0 5 1 0
 43 0 5 0 0
 -104 0 10 0 0
 -127 0 11 1 0
 68 0 6 0 0
 68 0 8 1 0
 -79 0 2 0 0
 48 0 6 0 0
 -95 0 7 1 0
 -97 0 1 0 0
 -120 1 8 1 0

