 -97 0 9 1 0
 -6 0 6 1 0
 -100 0 1 0 0
 64 0 11 1 0
 101 0 2 0 0
 87 0 3 0 0
 -104 0 5 1 0
 -69 0 3 0 0
 32 0 5 0 0
 -59 0 6 0 0
 126 0 9 1 0
 -99 0 15 1 0
 0 0 0 1 0
 7 0 2 0 0
 125 0 6 0 0
 28 0 15 1 0
 -49 1 8 1 0

 -97 0 9 1 0
 -6 0 6 1 0
 -100 0 1 0 0
 64 0 11 1 0
 101 0 2 0 0
 87 0 3 0 0
 -104 0 5 1 0
 -69 0 3 0 0
 32 0 5 0 0
 -59 0 6 0 0
 126 0 9 1 0
 -99 0 15 1 0
 0 0 0 1 0
 7 0 2 0 0
 125 0 6 0 0
 28 0 15 1 0
 -49 1 8 1 0

 -97 0 9 1 0
 -6 0 6 1 0
 -100 0 1 0 0
 64 0 11 1 0
 101 0 2 0 0
 87 0 3 0 0
 -104 0 5 1 0
 -69 0 3 0 0
 32 0 5 0 0
 -59 0 6 0 0
 126 0 9 1 0
 -99 0 15 1 0
 0 0 0 1 0
 7 0 2 0 0
 125 0 6 0 0
 28 0 15 1 0
 -49 1 8 1 0

 -97 0 9 1 0
 -6 0 6 1 0
 -100 0 1 0 0
 64 0 11 1 0
 101 0 2 0 0
 87 0 3 0 0
 -104 0 5 1 0
 -69 0 3 0 0
 32 0 5 0 0
 -59 0 6 0 0
 126 0 9 1 0
 -99 0 15 1 0
 0 0 0 1 0
 7 0 2 0 0
 125 0 6 0 0
 28 0 15 1 0
 -49 1 8 1 0

 -97 0 9 1 0
 -6 0 6 1 0
 -100 0 1 0 0
 64 0 11 1 0
 101 0 2 0 0
 87 0 3 0 0
 -104 0 5 1 0
 -69 0 3 0 0
 32 0 5 0 0
 -59 0 6 0 0
 126 0 9 1 0
 -99 0 15 1 0
 0 0 0 1 0
 7 0 2 0 0
 125 0 6 0 0
 28 0 15 1 0
 -49 1 8 1 0

 -97 0 9 1 0
 -6 0 6 1 0
 -100 0 1 0 0
 64 0 11 1 0
 101 0 2 0 0
 87 0 3 0 0
 -104 0 5 1 0
 -69 0 3 0 0
 32 0 5 0 0
 -59 0 6 0 0
 126 0 9 1 0
 -99 0 15 1 0
 0 0 0 1 0
 7 0 2 0 0
 125 0 6 0 0
 28 0 15 1 0
 -49 1 8 1 0

 -97 0 9 1 0
 -6 0 6 1 0
 -100 0 1 0 0
 64 0 11 1 0
 101 0 2 0 0
 87 0 3 0 0
 -104 0 5 1 0
 -69 0 3 0 0
 32 0 5 0 0
 -59 0 6 0 0
 126 0 9 1 0
 -99 0 15 1 0
 0 0 0 1 0
 7 0 2 0 0
 125 0 6 0 0
 28 0 15 1 0
 -49 1 8 1 0

 -97 0 9 1 0
 -6 0 6 1 0
 -100 0 1 0 0
 64 0 11 1 0
 101 0 2 0 0
 87 0 3 0 0
 -104 0 5 1 0
 -69 0 3 0 0
 32 0 5 0 0
 -59 0 6 0 0
 126 0 9 1 0
 -99 0 15 1 0
 0 0 0 1 0
 7 0 2 0 0
 125 0 6 0 0
 28 0 15 1 0
 -49 1 8 1 0

 -97 0 9 1 0
 -6 0 6 1 0
 -100 0 1 0 0
 64 0 11 1 0
 101 0 2 0 0
 87 0 3 0 0
 -104 0 5 1 0
 -69 0 3 0 0
 32 0 5 0 0
 -59 0 6 0 0
 126 0 9 1 0
 -99 0 15 1 0
 0 0 0 1 0
 7 0 2 0 0
 125 0 6 0 0
 28 0 15 1 0
 -49 1 8 1 0

 -97 0 9 1 0
 -6 0 6 1 0
 -100 0 1 0 0
 64 0 11 1 0
 101 0 2 0 0
 87 0 3 0 0
 -104 0 5 1 0
 -69 0 3 0 0
 32 0 5 0 0
 -59 0 6 0 0
 126 0 9 1 0
 -99 0 15 1 0
 0 0 0 1 0
 7 0 2 0 0
 125 0 6 0 0
 28 0 15 1 0
 -49 1 8 1 0

 -97 0 9 1 0
 -6 0 6 1 0
 -100 0 1 0 0
 64 0 11 1 0
 101 0 2 0 0
 87 0 3 0 0
 -104 0 5 1 0
 -69 0 3 0 0
 32 0 5 0 0
 -59 0 6 0 0
 126 0 9 1 0
 -99 0 15 1 0
 0 0 0 1 0
 7 0 2 0 0
 125 0 6 0 0
 28 0 15 1 0
 -49 1 8 1 0

 -97 0 9 1 0
 -6 0 6 1 0
 -100 0 1 0 0
 64 0 11 1 0
 101 0 2 0 0
 87 0 3 0 0
 -104 0 5 1 0
 -69 0 3 0 0
 32 0 5 0 0
 -59 0 6 0 0
 126 0 9 1 0
 -99 0 15 1 0
 0 0 0 1 0
 7 0 2 0 0
 125 0 6 0 0
 28 0 15 1 0
 -49 1 8 1 0

 -97 0 9 1 0
 -6 0 6 1 0
 -100 0 1 0 0
 64 0 11 1 0
 101 0 2 0 0
 87 0 3 0 0
 -104 0 5 1 0
 -69 0 3 0 0
 32 0 5 0 0
 -59 0 6 0 0
 126 0 9 1 0
 -99 0 15 1 0
 0 0 0 1 0
 7 0 2 0 0
 125 0 6 0 0
 28 0 15 1 0
 -49 1 8 1 0

 -97 0 9 1 0
 -6 0 6 1 0
 -100 0 1 0 0
 64 0 11 1 0
 101 0 2 0 0
 87 0 3 0 0
 -104 0 5 1 0
 -69 0 3 0 0
 32 0 5 0 0
 -59 0 6 0 0
 126 0 9 1 0
 -99 0 15 1 0
 0 0 0 1 0
 7 0 2 0 0
 125 0 6 0 0
 28 0 15 1 0
 -49 1 8 1 0

 -97 0 9 1 0
 -6 0 6 1 0
 -100 0 1 0 0
 64 0 11 1 0
 101 0 2 0 0
 87 0 3 0 0
 -104 0 5 1 0
 -69 0 3 0 0
 32 0 5 0 0
 -59 0 6 0 0
 126 0 9 1 0
 -99 0 15 1 0
 0 0 0 1 0
 7 0 2 0 0
 125 0 6 0 0
 28 0 15 1 0
 -49 1 8 1 0

 -97 0 9 1 0
 -6 0 6 1 0
 -100 0 1 0 0
 64 0 11 1 0
 101 0 2 0 0
 87 0 3 0 0
 -104 0 5 1 0
 -69 0 3 0 0
 32 0 5 0 0
 -59 0 6 0 0
 126 0 9 1 0
 -99 0 15 1 0
 0 0 0 1 0
 7 0 2 0 0
 125 0 6 0 0
 28 0 15 1 0
 -49 1 8 1 0

 -97 0 9 1 0
 -6 0 6 1 0
 -100 0 1 0 0
 64 0 11 1 0
 101 0 2 0 0
 87 0 3 0 0
 -104 0 5 1 0
 -69 0 3 0 0
 32 0 5 0 0
 -59 0 6 0 0
 126 0 9 1 0
 -99 0 15 1 0
 0 0 0 1 0
 7 0 2 0 0
 125 0 6 0 0
 28 0 15 1 0
 -49 1 8 1 0

 -97 0 9 1 0
 -6 0 6 1 0
 -100 0 1 0 0
 64 0 11 1 0
 101 0 2 0 0
 87 0 3 0 0
 -104 0 5 1 0
 -69 0 3 0 0
 32 0 5 0 0
 -59 0 6 0 0
 126 0 9 1 0
 -99 0 15 1 0
 0 0 0 1 0
 7 0 2 0 0
 125 0 6 0 0
 28 0 15 1 0
 -49 1 8 1 0

 -97 0 9 1 0
 -6 0 6 1 0
 -100 0 1 0 0
 64 0 11 1 0
 101 0 2 0 0
 87 0 3 0 0
 -104 0 5 1 0
 -69 0 3 0 0
 32 0 5 0 0
 -59 0 6 0 0
 126 0 9 1 0
 -99 0 15 1 0
 0 0 0 1 0
 7 0 2 0 0
 125 0 6 0 0
 28 0 15 1 0
 -49 1 8 1 0

 -97 0 9 1 0
 -6 0 6 1 0
 -100 0 1 0 0
 64 0 11 1 0
 101 0 2 0 0
 87 0 3 0 0
 -104 0 5 1 0
 -69 0 3 0 0
 32 0 5 0 0
 -59 0 6 0 0
 126 0 9 1 0
 -99 0 15 1 0
 0 0 0 1 0
 7 0 2 0 0
 125 0 6 0 0
 28 0 15 1 0
 -49 1 8 1 0

 -97 0 9 1 0
 -6 0 6 1 0
 -100 0 1 0 0
 64 0 11 1 0
 101 0 2 0 0
 87 0 3 0 0
 -104 0 5 1 0
 -69 0 3 0 0
 32 0 5 0 0
 -59 0 6 0 0
 126 0 9 1 0
 -99 0 15 1 0
 0 0 0 1 0
 7 0 2 0 0
 125 0 6 0 0
 28 0 15 1 0
 -49 1 8 1 0

 -97 0 9 1 0
 -6 0 6 1 0
 -100 0 1 0 0
 64 0 11 1 0
 101 0 2 0 0
 87 0 3 0 0
 -104 0 5 1 0
 -69 0 3 0 0
 32 0 5 0 0
 -59 0 6 0 0
 126 0 9 1 0
 -99 0 15 1 0
 0 0 0 1 0
 7 0 2 0 0
 125 0 6 0 0
 28 0 15 1 0
 -49 1 8 1 0

 -97 0 9 1 0
 -6 0 6 1 0
 -100 0 1 0 0
 64 0 11 1 0
 101 0 2 0 0
 87 0 3 0 0
 -104 0 5 1 0
 -69 0 3 0 0
 32 0 5 0 0
 -59 0 6 0 0
 126 0 9 1 0
 -99 0 15 1 0
 0 0 0 1 0
 7 0 2 0 0
 125 0 6 0 0
 28 0 15 1 0
 -49 1 8 1 0

 -97 0 9 1 0
 -6 0 6 1 0
 -100 0 1 0 0
 64 0 11 1 0
 101 0 2 0 0
 87 0 3 0 0
 -104 0 5 1 0
 -69 0 3 0 0
 32 0 5 0 0
 -59 0 6 0 0
 126 0 9 1 0
 -99 0 15 1 0
 0 0 0 1 0
 7 0 2 0 0
 125 0 6 0 0
 28 0 15 1 0
 -49 1 8 1 0

 -97 0 9 1 0
 -6 0 6 1 0
 -100 0 1 0 0
 64 0 11 1 0
 101 0 2 0 0
 87 0 3 0 0
 -104 0 5 1 0
 -69 0 3 0 0
 32 0 5 0 0
 -59 0 6 0 0
 126 0 9 1 0
 -99 0 15 1 0
 0 0 0 1 0
 7 0 2 0 0
 125 0 6 0 0
 28 0 15 1 0
 -49 1 8 1 0

 -97 0 9 1 0
 -6 0 6 1 0
 -100 0 1 0 0
 64 0 11 1 0
 101 0 2 0 0
 87 0 3 0 0
 -104 0 5 1 0
 -69 0 3 0 0
 32 0 5 0 0
 -59 0 6 0 0
 126 0 9 1 0
 -99 0 15 1 0
 0 0 0 1 0
 7 0 2 0 0
 125 0 6 0 0
 28 0 15 1 0
 -49 1 8 1 0

 -97 0 9 1 0
 -6 0 6 1 0
 -100 0 1 0 0
 64 0 11 1 0
 101 0 2 0 0
 87 0 3 0 0
 -104 0 5 1 0
 -69 0 3 0 0
 32 0 5 0 0
 -59 0 6 0 0
 126 0 9 1 0
 -99 0 15 1 0
 0 0 0 1 0
 7 0 2 0 0
 125 0 6 0 0
 28 0 15 1 0
 -49 1 8 1 0

 -97 0 9 1 0
 -6 0 6 1 0
 -100 0 1 0 0
 64 0 11 1 0
 101 0 2 0 0
 87 0 3 0 0
 -104 0 5 1 0
 -69 0 3 0 0
 32 0 5 0 0
 -59 0 6 0 0
 126 0 9 1 0
 -99 0 15 1 0
 0 0 0 1 0
 7 0 2 0 0
 125 0 6 0 0
 28 0 15 1 0
 -49 1 8 1 0

 -97 0 9 1 0
 -6 0 6 1 0
 -100 0 1 0 0
 64 0 11 1 0
 101 0 2 0 0
 87 0 3 0 0
 -104 0 5 1 0
 -69 0 3 0 0
 32 0 5 0 0
 -59 0 6 0 0
 126 0 9 1 0
 -99 0 15 1 0
 0 0 0 1 0
 7 0 2 0 0
 125 0 6 0 0
 28 0 15 1 0
 -49 1 8 1 0

 -97 0 9 1 0
 -6 0 6 1 0
 -100 0 1 0 0
 64 0 11 1 0
 101 0 2 0 0
 87 0 3 0 0
 -104 0 5 1 0
 -69 0 3 0 0
 32 0 5 0 0
 -59 0 6 0 0
 126 0 9 1 0
 -99 0 15 1 0
 0 0 0 1 0
 7 0 2 0 0
 125 0 6 0 0
 28 0 15 1 0
 -49 1 8 1 0

 -97 0 9 1 0
 -6 0 6 1 0
 -100 0 1 0 0
 64 0 11 1 0
 101 0 2 0 0
 87 0 3 0 0
 -104 0 5 1 0
 -69 0 3 0 0
 32 0 5 0 0
 -59 0 6 0 0
 126 0 9 1 0
 -99 0 15 1 0
 0 0 0 1 0
 7 0 2 0 0
 125 0 6 0 0
 28 0 15 1 0
 -49 1 8 1 0

 -97 0 9 1 0
 -6 0 6 1 0
 -100 0 1 0 0
 64 0 11 1 0
 101 0 2 0 0
 87 0 3 0 0
 -104 0 5 1 0
 -69 0 3 0 0
 32 0 5 0 0
 -59 0 6 0 0
 126 0 9 1 0
 -99 0 15 1 0
 0 0 0 1 0
 7 0 2 0 0
 125 0 6 0 0
 28 0 15 1 0
 -49 1 8 1 0

 -97 0 9 1 0
 -6 0 6 1 0
 -100 0 1 0 0
 64 0 11 1 0
 101 0 2 0 0
 87 0 3 0 0
 -104 0 5 1 0
 -69 0 3 0 0
 32 0 5 0 0
 -59 0 6 0 0
 126 0 9 1 0
 -99 0 15 1 0
 0 0 0 1 0
 7 0 2 0 0
 125 0 6 0 0
 28 0 15 1 0
 -49 1 8 1 0

 -97 0 9 1 0
 -6 0 6 1 0
 -100 0 1 0 0
 64 0 11 1 0
 101 0 2 0 0
 87 0 3 0 0
 -104 0 5 1 0
 -69 0 3 0 0
 32 0 5 0 0
 -59 0 6 0 0
 126 0 9 1 0
 -99 0 15 1 0
 0 0 0 1 0
 7 0 2 0 0
 125 0 6 0 0
 28 0 15 1 0
 -49 1 8 1 0

 -97 0 9 1 0
 -6 0 6 1 0
 -100 0 1 0 0
 64 0 11 1 0
 101 0 2 0 0
 87 0 3 0 0
 -104 0 5 1 0
 -69 0 3 0 0
 32 0 5 0 0
 -59 0 6 0 0
 126 0 9 1 0
 -99 0 15 1 0
 0 0 0 1 0
 7 0 2 0 0
 125 0 6 0 0
 28 0 15 1 0
 -49 1 8 1 0

 -97 0 9 1 0
 -6 0 6 1 0
 -100 0 1 0 0
 64 0 11 1 0
 101 0 2 0 0
 87 0 3 0 0
 -104 0 5 1 0
 -69 0 3 0 0
 32 0 5 0 0
 -59 0 6 0 0
 126 0 9 1 0
 -99 0 15 1 0
 0 0 0 1 0
 7 0 2 0 0
 125 0 6 0 0
 28 0 15 1 0
 -49 1 8 1 0

